# fsigma_8
3.841056706172152335e-01
3.910060777624255746e-01
3.976558675034033152e-01
4.040526217223670558e-01
4.101946584745148616e-01
4.160810257592094108e-01
4.217114415236719593e-01
4.270862776583541076e-01
4.322065069015705308e-01
4.370736827794363677e-01
4.416898984801926331e-01
4.460577388755985195e-01
4.501802567207910388e-01
4.540609215238528562e-01
4.577036008136803336e-01
4.611124814129574645e-01
4.642920979779489032e-01
4.672472503837360458e-01
4.699829672448506690e-01
4.725045120385579778e-01
4.748173113907188658e-01
4.769269509751604685e-01
4.788391328583916362e-01
4.805596577367291511e-01
4.820944021134258572e-01
4.834492712400055292e-01
4.846302059236124449e-01
4.856431633417378491e-01
4.864940632193768821e-01
4.871888163891616719e-01
4.877332727821560021e-01
4.881332218064432515e-01
4.883943849248401081e-01
4.885223989422165514e-01
4.885228036994526124e-01
4.884010329500528824e-01
4.881624252645987427e-01
4.878121712590787196e-01
4.873553701381682646e-01
4.867969747796442870e-01
4.861418206213746207e-01
4.853945935851132765e-01
4.845598520081235150e-01
4.836420200446682194e-01
4.826453786481951780e-01
4.815740647476163261e-01
4.804320929415803465e-01
4.792233275562826633e-01
4.779515012214462510e-01
4.766202134175581140e-01
4.752329239482930845e-01
4.737929663758388976e-01
4.723035570096163482e-01
4.707677558921207206e-01
4.691885396323290380e-01
4.675687369471284716e-01
4.659110605597646670e-01
4.642181199212846998e-01
4.624924129289935681e-01
4.607363268016592128e-01
4.589521413982574072e-01
4.571420332719341451e-01
4.553080845610437133e-01
4.534522944842852010e-01
4.515765491771117635e-01
4.496826602143416673e-01
4.477723501783025806e-01
4.458472665080374098e-01
4.439089621443558786e-01
4.419589360420268509e-01
4.399985865223506321e-01
4.380292692509186736e-01
4.360522531609927754e-01
4.340687548043806188e-01
4.320799209053531875e-01
4.300868416520793880e-01
4.280905522256491236e-01
4.260920316784322370e-01
4.240922074566020883e-01
4.220919480023027637e-01
4.200920915907954134e-01
4.180934169251200871e-01
4.160966695212388045e-01
4.141025384775607887e-01
4.121116880219771739e-01
4.101247305469800097e-01
4.081422602728001503e-01
4.061648231277255050e-01
4.041929338988948239e-01
4.022270781241195081e-01
4.002677103173842843e-01
3.983152560857365909e-01
3.963701211788173140e-01
3.944326656466848879e-01
3.925032547235967617e-01
3.905821995010807512e-01
3.886698130241094673e-01
3.867663680714059082e-01
3.848721333753486462e-01
3.829873437530183500e-01
3.811122302824381247e-01
3.735631103841318135e-01
3.661896481672864967e-01
3.589995463727636005e-01
3.519975229945258577e-01
3.451858982879894011e-01
3.385650955007673546e-01
3.321340523300336245e-01
3.258905193563209624e-01
3.198313780985893584e-01
3.139528059450540920e-01
3.082504964263998448e-01
3.027197629847716009e-01
2.973556954202565827e-01
2.921532192117256010e-01
2.871071854273349322e-01
2.822124202270269167e-01
2.774637881266948658e-01
2.728561978027462254e-01
2.683846644573810725e-01
2.640443068133733195e-01
2.598303651369067713e-01
2.557382254977459413e-01
2.517634108942330418e-01
2.479016001673609026e-01
2.441486184677064686e-01
2.405004489862569150e-01
2.369532188786982185e-01
2.335032156163052153e-01
2.301468604025293796e-01
2.268807220042190487e-01
2.237015171769871635e-01
2.206060839070899948e-01
2.175914155133858718e-01
2.146545830139922617e-01
2.117928209244767102e-01
2.090034698440746408e-01
2.062839757624582437e-01
2.036318972646390391e-01
2.010448945066891091e-01
1.985207237132950719e-01
1.960572329010690784e-01
1.936523652880129953e-01
1.913041446714701943e-01
1.890106820377234487e-01
1.867701571799906812e-01
1.845808344443131133e-01
1.824410439863195788e-01
1.803491804586504210e-01
1.783037112394894874e-01
