# sigma_8
8.985813010978044302e-01
8.909551279242781119e-01
8.833463920363840982e-01
8.757591785983478427e-01
8.681974194508470521e-01
8.606648276334866177e-01
8.531649265967986562e-01
8.457010748567266312e-01
8.382764080755030767e-01
8.308939258833801800e-01
8.235563810142456642e-01
8.162664137975540468e-01
8.090264623643630415e-01
8.018388097023047001e-01
7.947055293055049763e-01
7.876286084263030007e-01
7.806098187416604661e-01
7.736507953815214833e-01
7.667530461031946132e-01
7.599179240090211396e-01
7.531466474106650599e-01
7.464403043614559197e-01
7.397998727129266872e-01
7.332261817972097750e-01
7.267199797587002852e-01
7.202818897507212714e-01
7.139124429923242587e-01
7.076120434048488450e-01
7.013810385897548683e-01
6.952196722782403304e-01
6.891281122821664162e-01
6.831064267146788049e-01
6.771546437338917812e-01
6.712726914660800404e-01
6.654604531671430845e-01
6.597177547388564101e-01
6.540443520700331970e-01
6.484399501046633763e-01
6.429042082650424650e-01
6.374367467493634587e-01
6.320371399449052907e-01
6.267049319104174288e-01
6.214396115611778848e-01
6.162406447907852192e-01
6.111074885074806451e-01
6.060395453200257965e-01
6.010362013837998729e-01
5.960968342689386690e-01
5.912207901478108152e-01
5.864073882297345941e-01
5.816559671172669699e-01
5.769658136633570855e-01
5.723362275176412384e-01
5.677664807779799760e-01
5.632558626555072001e-01
5.588036311651112253e-01
5.544090469597938720e-01
5.500713724925740955e-01
5.457898631466026051e-01
5.415637672211383036e-01
5.373923371336917221e-01
5.332748335791774874e-01
5.292105086701364147e-01
5.251986116020833650e-01
5.212384125906334154e-01
5.173291565231937783e-01
5.134701228594048539e-01
5.096605786839232266e-01
5.058998016180057400e-01
5.021870689437409885e-01
4.985216713702340652e-01
4.949028997137416286e-01
4.913300554559494326e-01
4.878024424669570314e-01
4.843193833284791250e-01
4.808801963676223035e-01
4.774842132430197061e-01
4.741307635078919058e-01
4.708192051158363589e-01
4.675488830780775706e-01
4.643191687495554776e-01
4.611294314298471919e-01
4.579790469275939468e-01
4.548674052095923459e-01
4.517939052613032525e-01
4.487579562885114504e-01
4.457589698782608023e-01
4.427963668870099623e-01
4.398695806860182800e-01
4.369780550775703154e-01
4.341212432009287636e-01
4.312985944970276209e-01
4.285095843962323792e-01
4.257536819144400742e-01
4.230303776988545983e-01
4.203391538385415349e-01
4.176795206178404718e-01
4.150509803556445276e-01
4.124530597260567255e-01
4.098852684331393825e-01
4.073471571077487696e-01
3.972857000542433514e-01
3.876811955260817122e-01
3.785058109412501315e-01
3.697336116184976595e-01
3.613404922154713761e-01
3.533040113435465535e-01
3.456032951837643696e-01
3.382189338400888312e-01
3.311328482861461420e-01
3.243282173212098662e-01
3.177893764009968036e-01
3.115017156332000603e-01
3.054516301191386174e-01
2.996264069871842906e-01
2.940141913746582292e-01
2.886039038315054706e-01
2.833851796094932207e-01
2.783483272732131253e-01
2.734842764339607268e-01
2.687845130069587141e-01
2.642410640655422083e-01
2.598464474617154796e-01
2.555936350327952522e-01
2.514760156371190769e-01
2.474873801440778676e-01
2.436218735977720706e-01
2.398739895959778601e-01
2.362385366208834547e-01
2.327106094090485855e-01
2.292855861835295661e-01
2.259591004757783295e-01
2.227270159099949409e-01
2.195854459407383663e-01
2.165306614926568451e-01
2.135591717606314388e-01
2.106676612644668989e-01
2.078529785955978426e-01
2.051121378430680875e-01
2.024422980685317286e-01
1.998407685491500885e-01
1.973049848517881844e-01
1.948325068036871055e-01
1.924210161688896525e-01
1.900683041351549640e-01
1.877722635814500496e-01
1.855308905240959372e-01
1.833422661860874825e-01
1.812045678372691537e-01
1.791160477839850440e-01
