# theory
7.555696667478813551e-06
3.611165974076307785e-06
2.608853168117036735e-06
1.675844249819985502e-06
9.494431557013556882e-07
5.026389266099083250e-07
2.770398017246901196e-07
1.601859545803528768e-07
8.721196338346328835e-08
1.159282689112839455e-05
6.609306478424458768e-06
4.623403746293849597e-06
2.859462506673273080e-06
1.575616958618747085e-06
8.430159757091075533e-07
4.796574823582235408e-07
2.759495790824505982e-07
1.439418753125863151e-07
1.323308379750176111e-05
7.754885436444125811e-06
5.349485107996728722e-06
3.272531388967049411e-06
1.801847667775042200e-06
9.729597457171332714e-07
5.553247322906298539e-07
3.156909115539514071e-07
1.614073422643563959e-07
1.552346240671299073e-05
9.334409733841682652e-06
6.344174485301656227e-06
3.841874927791798573e-06
2.117627939207322410e-06
1.154136642254497222e-06
6.590372780077681158e-07
3.690323798435541999e-07
1.845515802763926035e-07
1.671676215478959428e-05
1.011911916820303834e-05
6.826803132146813194e-06
4.122891658505643062e-06
2.280201626147229115e-06
1.247955862354102055e-06
7.101807246160399188e-07
3.932067944173238445e-07
1.938420192227904032e-07
2.659068038636557942e-05
1.733033124592507312e-05
1.150639903657905963e-05
6.724204261259186184e-06
3.613772515690617260e-06
2.010832248886181079e-06
1.183958861931603224e-06
6.589785536129821605e-07
3.159434401613975689e-07
3.401825439684013323e-05
2.242952390870569623e-05
1.464196943388697238e-05
8.435947368853173803e-06
4.543938406939814823e-06
2.568536938934775402e-06
1.514034005471987122e-06
8.271395264378975130e-07
3.847607251662620277e-07
4.270867162440470332e-05
2.841359667543908585e-05
1.833910060351518498e-05
1.046547199958174707e-05
5.645304170052986635e-06
3.224861184036026899e-06
1.902496193357218626e-06
1.026321899680525276e-06
4.672472393680924031e-07
4.631629449003689083e-05
3.086443728364661763e-05
1.984470615482034295e-05
1.129554230364656516e-05
6.101587654458952578e-06
3.497278704109707069e-06
2.060918734825201118e-06
1.105292431374954589e-06
4.988715899310684226e-07
5.159106898833091154e-05
3.405559267519504574e-05
2.154694838905324067e-05
1.217055220527169444e-05
6.656182139529339278e-06
3.863809159449402694e-06
2.256695832302525493e-06
1.182535414629159173e-06
5.182546286743673238e-07
7.313145836705693128e-05
4.821125564188858824e-05
2.993311364508530556e-05
1.674720159231881408e-05
9.277316244981783337e-06
5.467340028660594308e-06
3.168351892822037428e-06
1.613345176205045132e-06
6.785812174992540302e-07
8.312104385543065907e-05
5.466773136049904165e-05
3.372521583599778978e-05
1.882555925057380214e-05
1.048188752150009451e-05
6.202254670889260075e-06
3.578813680925356401e-06
1.802042469419940371e-06
7.459141016839802040e-07
1.191145997259093807e-04
7.746911923438661897e-05
4.689604938250275916e-05
2.610481495118464985e-05
1.482296758253042784e-05
8.861377399949062564e-06
5.028523795223134135e-06
2.442106959275582833e-06
9.616420859204780292e-07
1.448640360423248329e-04
9.346682989373785301e-05
5.609662051357045069e-05
3.128702522776287913e-05
1.797881864312406714e-05
1.078065674762626470e-05
6.048565318391710989e-06
2.870887512303989882e-06
1.096048781673875904e-06
1.902295831042702292e-04
1.209100859531126213e-04
7.184820755306718827e-05
4.043333521501799943e-05
2.366469869990128310e-05
1.418140919587164336e-05
7.781940308914857502e-06
3.556170691923855049e-06
1.282431910835868970e-06
3.558030255077604758e-07
3.375884933471855505e-07
2.694146042770502365e-07
1.740962124841379607e-07
9.590498577700031216e-08
5.328836860283062743e-08
7.099732053183364518e-07
6.430428413667716208e-07
4.811760015349491872e-07
2.920139076535438515e-07
1.586008002499062923e-07
9.179869451934250413e-08
8.639632439954302344e-07
7.603329446414433521e-07
5.547577831324447489e-07
3.330648717422031242e-07
1.824506694754252871e-07
1.071131254978668067e-07
1.078424907196460349e-06
9.196930815122781726e-07
6.548832927517853916e-07
3.900264537416882571e-07
2.160045542108667390e-07
1.285084035151913072e-07
1.191333977505303263e-06
9.973822976785460461e-07
7.030173846375779431e-07
4.189193978918647913e-07
2.339414773507838456e-07
1.397038864923322905e-07
2.106875534917367681e-06
1.763412526188663292e-06
1.188421132344083551e-06
6.671887907486761553e-07
3.690243484220576195e-07
2.289093421746071054e-07
2.829295095017017585e-06
2.297323115721929679e-06
1.500023356736064278e-06
8.328632005720372644e-07
4.690370685345138697e-07
2.961858476731590831e-07
3.670031131340608010e-06
2.922666274780630053e-06
1.869043630353622384e-06
1.030017889354860721e-06
5.871825702829124451e-07
3.751330811272951860e-07
4.019116670610263412e-06
3.176617976801727897e-06
2.018697804910226177e-06
1.111078857126292933e-06
6.364658159070455959e-07
4.079079498150694997e-07
4.573936184170273443e-06
3.492660509243180865e-06
2.163347249795261743e-06
1.198533280535044520e-06
7.039718976909507907e-07
4.555410588928807640e-07
6.725546583031210962e-06
4.948859792512973322e-06
2.975122530362154330e-06
1.652905435718320368e-06
9.969680511038678226e-07
6.529188832982837350e-07
7.710159558697892825e-06
5.600781083025659070e-06
3.337568014619801367e-06
1.859955543613034344e-06
1.132450680776817288e-06
7.432919550585732598e-07
1.131631858287445674e-05
7.876386999467942129e-06
4.582993851816356622e-06
2.597894274930355919e-06
1.630907571087895934e-06
1.073231730784938932e-06
1.388772142554989648e-05
9.452904392395766403e-06
5.455026816535216556e-06
3.133750741817427347e-06
1.996576434200389291e-06
1.310356985433235234e-06
1.833998499918977187e-05
1.208104557564915915e-05
6.946407491148325064e-06
4.099706365344521345e-06
2.667149410450251938e-06
1.730548910646662603e-06
