2.985894457355600964e-13 -3.043119926945560425e-13 -1.974130000004762236e-13 -1.681543937691808132e-13 6.035851639701217033e-14 2.751362550530700314e-14 -2.502091674773546839e-13 -2.320696070280649104e-13 -1.633751129886402986e-13 -1.443120222226724064e-13 1.172064924274386115e-14 -8.031987849643297152e-14 -2.316884602684877563e-13 2.535501903783211745e-13 -2.420561445643973055e-13 2.504927276391261399e-13
-3.043119926945558911e-13 3.931699353232143344e-13 3.025968946756228979e-13 1.624226656756984395e-13 -4.443188970617194391e-14 -1.313732839489613731e-14 3.424801489722455640e-13 3.248017874924975277e-13 2.744346559492738888e-13 1.777305713936085433e-13 3.289387035096148076e-14 2.220590884051861508e-14 2.809488259867560995e-13 -3.442641768389881762e-13 3.385497132122718181e-13 -3.423719350312985378e-13
-1.974130000004760722e-13 3.025968946756229483e-13 3.848183878864798436e-13 -6.216496948872492012e-14 -7.619190643667630086e-14 -5.230565450287655587e-14 1.241549308078305887e-13 1.114285069968423811e-13 3.781670676747497871e-13 -4.475407011347041319e-14 -5.486615238853395950e-14 -4.475473995324234966e-14 1.291928576121672576e-13 -1.235640191423127239e-13 1.257341914099061814e-13 -1.224691791603805816e-13
-1.681543937691807879e-13 1.624226656756985152e-13 -6.216496948872495798e-14 4.602372837346746747e-13 -1.104794523374344671e-13 -9.193165021233035546e-14 2.023994325780644498e-13 1.888517488092928181e-13 -5.869340453152261941e-14 4.913015399224885087e-13 -5.938911430421688278e-14 -6.109446954581950403e-14 1.879013496869289341e-13 -2.057014084330717334e-13 2.006901673433518504e-13 -2.027331296348992847e-13
6.035851639701201887e-14 -4.443188970617196916e-14 -7.619190643667627562e-14 -1.104794523374344671e-13 6.136119940456385993e-13 -4.146687606250370859e-14 5.689078427007505882e-13 5.943259067092679150e-13 -6.456128089318181643e-14 -1.046979712938038389e-13 6.703498596949228918e-13 7.161379027413506806e-14 1.883691936089457613e-13 -5.644656452985308031e-13 5.707650646026507864e-13 -5.728609277253817711e-13
2.751362550530698737e-14 -1.313732839489617518e-14 -5.230565450287661267e-14 -9.193165021233039332e-14 -4.146687606250356344e-14 1.896774265691703699e-12 6.865941644824948332e-13 7.348434793688635721e-13 -4.481079952850017350e-14 -8.789707332723250363e-14 -1.006126679814660593e-13 1.650935328543604140e-12 1.341885575269056267e-13 -6.762088777876866737e-13 6.729416393933876388e-13 -6.917308763886130169e-13
-2.502091674773547344e-13 3.424801489722457155e-13 1.241549308078306897e-13 2.023994325780643236e-13 5.689078427007509921e-13 6.865941644824948332e-13 1.356443706586657201e-12 1.367558165734333983e-12 1.318770825601011354e-13 2.415334790070253228e-13 6.879808218026259703e-13 7.651169398139815457e-13 7.400275208823846901e-13 -1.355816439443899012e-12 1.334739784060662080e-12 -1.363385111416522357e-12
-2.320696070280648094e-13 3.248017874924977296e-13 1.114285069968424569e-13 1.888517488092925909e-13 5.943259067092677131e-13 7.348434793688638750e-13 1.367558165734333175e-12 1.395443024764275425e-12 1.230830666576200551e-13 2.311300666178444654e-13 7.161738289045912270e-13 8.083422284424019245e-13 6.594475441382960460e-13 -1.361478811328326624e-12 1.351557864596145472e-12 -1.374372681753068047e-12
-1.633751129886401472e-13 2.744346559492737878e-13 3.781670676747496356e-13 -5.869340453152259417e-14 -6.456128089318181643e-14 -4.481079952850014195e-14 1.318770825601012616e-13 1.230830666576200046e-13 4.012453277309870867e-13 -4.090815956189401971e-14 -5.614609897971663283e-14 -4.313987517776462703e-14 1.147040111915153309e-13 -1.300604576787573954e-13 1.358987102025881128e-13 -1.301059184968872812e-13
-1.443120222226724569e-13 1.777305713936085180e-13 -4.475407011347040688e-14 4.913015399224888117e-13 -1.046979712938038515e-13 -8.789707332723247838e-14 2.415334790070252218e-13 2.311300666178443139e-13 -4.090815956189399447e-14 5.900699407998766999e-13 -7.875726670757055308e-14 -7.342159135058126123e-14 1.971672785595494958e-13 -2.429102877497724329e-13 2.432476103210978037e-13 -2.418967199513126096e-13
1.172064924274384380e-14 3.289387035096141765e-14 -5.486615238853398474e-14 -5.938911430421689540e-14 6.703498596949230937e-13 -1.006126679814661225e-13 6.879808218026258693e-13 7.161738289045909241e-13 -5.614609897971656972e-14 -7.875726670757051522e-14 8.467557983094694318e-13 -6.381771640889939292e-14 2.498925709217062305e-13 -6.825905245911267262e-13 6.896115899345366677e-13 -6.924689981423051234e-13
-8.031987849643293365e-14 2.220590884051860877e-14 -4.475473995324236228e-14 -6.109446954581941568e-14 7.161379027413505544e-14 1.650935328543604342e-12 7.651169398139814447e-13 8.083422284424017225e-13 -4.313987517776463334e-14 -7.342159135058127385e-14 -6.381771640889936768e-14 1.680725076358158705e-12 2.112520600866147981e-13 -7.562445872639905274e-13 7.456811171894764669e-13 -7.703496907310894147e-13
-2.316884602684879078e-13 2.809488259867565539e-13 1.291928576121671819e-13 1.879013496869290350e-13 1.883691936089457865e-13 1.341885575269055257e-13 7.400275208823842862e-13 6.594475441382963489e-13 1.147040111915154319e-13 1.971672785595493948e-13 2.498925709217061295e-13 2.112520600866146719e-13 9.042724965816606416e-13 -7.680116416501713348e-13 6.877484505920022053e-13 -7.447984080576448061e-13
2.535501903783211745e-13 -3.442641768389881762e-13 -1.235640191423126229e-13 -2.057014084330715567e-13 -5.644656452985306011e-13 -6.762088777876866737e-13 -1.355816439443898407e-12 -1.361478811328326422e-12 -1.300604576787572692e-13 -2.429102877497726853e-13 -6.825905245911266252e-13 -7.562445872639907294e-13 -7.680116416501717387e-13 1.357354251188413877e-12 -1.331994264304940912e-12 1.362846382443908113e-12
-2.420561445643970531e-13 3.385497132122714142e-13 1.257341914099063833e-13 2.006901673433517747e-13 5.707650646026509883e-13 6.729416393933875379e-13 1.334739784060662282e-12 1.351557864596145876e-12 1.358987102025880370e-13 2.432476103210976522e-13 6.896115899345369706e-13 7.456811171894765678e-13 6.877484505920027102e-13 -1.331994264304941114e-12 1.318294133526511705e-12 -1.341495120903441838e-12
2.504927276391258370e-13 -3.423719350312984873e-13 -1.224691791603807331e-13 -2.027331296348991585e-13 -5.728609277253821750e-13 -6.917308763886130169e-13 -1.363385111416522559e-12 -1.374372681753068653e-12 -1.301059184968873316e-13 -2.418967199513126096e-13 -6.924689981423052243e-13 -7.703496907310897176e-13 -7.447984080576439983e-13 1.362846382443908315e-12 -1.341495120903442645e-12 1.370921078711002428e-12
