2.780364480932634307e-13 -2.564527250375516377e-13 -1.734566687787083983e-13 -1.636127181040588055e-13 9.015761964569182425e-14 1.064103679749595049e-13 -1.665828660686037463e-13 -1.493024632863227802e-13 -1.499777916022758214e-13 -1.417381955073068939e-13 5.316457394009705917e-14 -1.995169165234909158e-14 -2.007451840097089078e-13 1.688580126787001567e-13 -1.558832820598288928e-13 1.635913063677898169e-13
-2.564527250375513348e-13 4.547483606432368271e-13 2.937023952220816163e-13 1.489741423900639440e-13 8.023327163882695155e-15 2.073921694601525320e-13 5.026844014029575405e-13 4.927781445724280452e-13 2.782007038687461071e-13 1.693721911435317951e-13 9.969954005659659345e-14 2.085279015932786225e-13 4.058105865703440591e-13 -5.059804898424210138e-13 4.960936624901575942e-13 -4.993640434726456101e-13
-1.734566687787084235e-13 2.937023952220820202e-13 3.677481276428375650e-13 -5.974414254912137312e-14 -7.048362947192356903e-14 -4.657481717947149897e-14 1.203529302154454380e-13 1.109180909969277516e-13 3.740580243329477957e-13 -4.330389594821635689e-14 -5.321740270938859022e-14 -4.424328971677267890e-14 1.398581863859503445e-13 -1.204655457139159423e-13 1.190185842941506404e-13 -1.158579582745229131e-13
-1.636127181040588560e-13 1.489741423900639188e-13 -5.974414254912136049e-14 4.475338652940079212e-13 -1.082657594169014794e-13 -8.288836772536614541e-14 2.075419187648774513e-13 1.962282141979764646e-13 -5.861594930049221211e-14 4.900022115508001468e-13 -5.530444125352748500e-14 -6.001202920070504167e-14 2.068343209493265405e-13 -2.091103247483423806e-13 2.027175652099889634e-13 -2.047747473007442761e-13
9.015761964569184950e-14 8.023327163882655712e-15 -7.048362947192358165e-14 -1.082657594169015299e-13 5.636295669609755947e-13 -6.134202844368330008e-14 5.436708335045978088e-13 5.680676045241667685e-13 -6.269298830231689458e-14 -1.041389979691937469e-13 6.446305377139476179e-13 6.111740208085844152e-14 2.648889602525712299e-13 -5.445602735934073495e-13 5.515425066143257265e-13 -5.459277232976717673e-13
1.064103679749594544e-13 2.073921694601525320e-13 -4.657481717947146741e-14 -8.288836772536605705e-14 -6.134202844368337581e-14 1.805377918639452580e-12 6.347775798337858751e-13 6.787670956755035812e-13 -4.175855007767243680e-14 -8.127864936351843205e-14 -1.075835318666557133e-13 1.584861511901039083e-12 2.399303041460317743e-13 -6.345053056922472248e-13 6.364542347557999459e-13 -6.395446287195749051e-13
-1.665828660686038978e-13 5.026844014029574395e-13 1.203529302154455137e-13 2.075419187648774513e-13 5.436708335045977078e-13 6.347775798337859761e-13 1.378512532560220766e-12 1.386941325543797847e-12 1.291483044370022968e-13 2.516768543466579625e-13 7.003450738715085742e-13 7.578690872355200651e-13 9.520347240238796564e-13 -1.382022455003894015e-12 1.360084213196734073e-12 -1.374244167231503990e-12
-1.493024632863228055e-13 4.927781445724279443e-13 1.109180909969277264e-13 1.962282141979763889e-13 5.680676045241668695e-13 6.787670956755037831e-13 1.386941325543797847e-12 1.412936521647037573e-12 1.231269092042576174e-13 2.436437067029991503e-13 7.281357138228510394e-13 7.968024427503919072e-13 8.861361399990963939e-13 -1.387703112978942233e-12 1.376473353950889867e-12 -1.381295977387668228e-12
-1.499777916022758214e-13 2.782007038687460061e-13 3.740580243329477957e-13 -5.861594930049219949e-14 -6.269298830231694506e-14 -4.175855007767243049e-14 1.291483044370022716e-13 1.231269092042575921e-13 4.043371922156198156e-13 -4.218402177736454979e-14 -5.573731291089250810e-14 -4.352031128397741886e-14 1.342468478348743433e-13 -1.284416027558220300e-13 1.299747336609704727e-13 -1.240271246554335174e-13
-1.417381955073069697e-13 1.693721911435319971e-13 -4.330389594821635058e-14 4.900022115508001468e-13 -1.041389979691937974e-13 -8.127864936351843205e-14 2.516768543466581140e-13 2.436437067029996047e-13 -4.218402177736460027e-14 5.978716014640524023e-13 -7.488452485191763544e-14 -7.214446470831378930e-14 2.311143176260893764e-13 -2.521145915758129611e-13 2.495197399622378746e-13 -2.471947329633972374e-13
5.316457394009706548e-14 9.969954005659655558e-14 -5.321740270938856498e-14 -5.530444125352748500e-14 6.446305377139475169e-13 -1.075835318666556880e-13 7.003450738715084732e-13 7.281357138228510394e-13 -5.573731291089241975e-14 -7.488452485191758495e-14 8.475477994074646381e-13 -6.413059738586590985e-14 3.704977697013708066e-13 -7.005979089272004120e-13 7.073426304778214429e-13 -7.003897408371219046e-13
-1.995169165234901270e-14 2.085279015932785973e-13 -4.424328971677267890e-14 -6.001202920070497856e-14 6.111740208085836578e-14 1.584861511901040092e-12 7.578690872355201661e-13 7.968024427503914023e-13 -4.352031128397740624e-14 -7.214446470831380192e-14 -6.413059738586596034e-14 1.688532354244188214e-12 3.489048749333968597e-13 -7.581487911626466624e-13 7.512090560744068300e-13 -7.614982582843845175e-13
-2.007451840097089835e-13 4.058105865703439581e-13 1.398581863859502941e-13 2.068343209493263638e-13 2.648889602525710784e-13 2.399303041460319257e-13 9.520347240238794544e-13 8.861361399990960909e-13 1.342468478348743686e-13 2.311143176260892754e-13 3.704977697013709580e-13 3.489048749333971121e-13 9.831805712945182140e-13 -9.616432106865991319e-13 8.978181438069267718e-13 -9.488550423367702280e-13
1.688580126787001567e-13 -5.059804898424207109e-13 -1.204655457139161190e-13 -2.091103247483427087e-13 -5.445602735934072486e-13 -6.345053056922475277e-13 -1.382022455003893611e-12 -1.387703112978941425e-12 -1.284416027558221310e-13 -2.521145915758128601e-13 -7.005979089272005129e-13 -7.581487911626465614e-13 -9.616432106865985261e-13 1.386656982312802025e-12 -1.363426160625653144e-12 1.378764349647856693e-12
-1.558832820598290695e-13 4.960936624901576951e-13 1.190185842941508171e-13 2.027175652099888876e-13 5.515425066143258275e-13 6.364542347557999459e-13 1.360084213196734275e-12 1.376473353950890675e-12 1.299747336609703970e-13 2.495197399622380261e-13 7.073426304778218468e-13 7.512090560744070320e-13 8.978181438069269737e-13 -1.363426160625652942e-12 1.348860460581603808e-12 -1.356831310993689701e-12
1.635913063677898421e-13 -4.993640434726451052e-13 -1.158579582745227869e-13 -2.047747473007438974e-13 -5.459277232976713634e-13 -6.395446287195748041e-13 -1.374244167231503990e-12 -1.381295977387668228e-12 -1.240271246554335426e-13 -2.471947329633973384e-13 -7.003897408371223085e-13 -7.614982582843848204e-13 -9.488550423367704299e-13 1.378764349647856491e-12 -1.356831310993689499e-12 1.371494280732442313e-12
