# bin_4_2
3.149774533471777128e-08
3.255290988715494698e-08
3.348616639034944227e-08
3.423170862209003841e-08
3.471789673402789306e-08
3.487057186032371536e-08
3.461686278148352310e-08
3.389307048125006094e-08
3.265488343850134939e-08
3.088641869287491325e-08
2.861039737950028435e-08
2.588899758382913549e-08
2.282811996738261363e-08
1.957777865360489092e-08
1.632192506650568331e-08
1.325644244402148195e-08
1.055132409647887616e-08
8.308323646011555564e-09
6.539350385755110975e-09
5.173948512356187254e-09
4.093083839940358042e-09
3.195639099399616245e-09
2.444610595282416586e-09
1.858621980438811321e-09
1.433687265960115936e-09
1.114137081587950265e-09
8.687694401838937034e-10
6.845871894360576277e-10
5.450611635811168260e-10
4.375614105780059064e-10
3.535681850675837896e-10
2.865979427300796241e-10
2.319151933382127714e-10
1.865034217504560495e-10
1.484561852550786792e-10
1.165766501885038808e-10
9.009089830938393832e-11
6.842367832829677776e-11
5.105490703535989322e-11
3.744564567451510900e-11
2.702684404236013229e-11
1.922451526077672858e-11
1.349710568421742620e-11
9.366081007281556411e-12
6.431858146623190814e-12
4.375355257917931285e-12
2.951218376371425360e-12
1.975104973144380218e-12
1.312392319438268544e-12
8.664457680878731102e-13
