# bin_5_2
3.265634698678069378e-08
3.380002073068783483e-08
3.482682160168724412e-08
3.566860000403997478e-08
3.625037726552326412e-08
3.649363328989269960e-08
3.632003443407916761e-08
3.565948739927953403e-08
3.446067171563955305e-08
3.270065746952728610e-08
3.039594263125522581e-08
2.760435343924830431e-08
2.443063170696238476e-08
2.102816351602812216e-08
1.758977182802928048e-08
1.432564690020398470e-08
1.142392009198107417e-08
9.003961982808316775e-09
7.089693652161710876e-09
5.612685436141903412e-09
4.446067606923989549e-09
3.477051480908441263e-09
2.661724965605082905e-09
2.021756336916485007e-09
1.557548117293265441e-09
1.209797087473839174e-09
9.426047625785965307e-10
7.412603431773334407e-10
5.884238024073279090e-10
4.722719313540278459e-10
3.811962872067223304e-10
3.088524192386333921e-10
2.499846553854537104e-10
2.011841596640125938e-10
1.603523707281801266e-10
1.261305111199078165e-10
9.766564800489050385e-11
7.433436657899063077e-11
5.558666184854230986e-11
4.085827243076105642e-11
2.955258155666283943e-11
2.106400488438889930e-11
1.481736285676848757e-11
1.030120367704644026e-11
7.086274585654669184e-12
4.828431046924802648e-12
3.261612692761252610e-12
2.185843995746304672e-12
1.454296641569805405e-12
9.611986382027896978e-13
