# bin_5_3
3.814731156367844384e-08
3.982409996380440801e-08
4.144303577444135398e-08
4.293183062054277160e-08
4.420745021217764178e-08
4.518551206733121316e-08
4.573736979152437322e-08
4.579239141869442715e-08
4.525131042780459007e-08
4.404515891949409373e-08
4.213789124742270285e-08
3.953183618774288760e-08
3.627864970565477804e-08
3.248875550000800754e-08
2.833292175567199106e-08
2.403376328261303509e-08
1.983938004510784811e-08
1.598370879552959424e-08
1.264845588482806156e-08
9.927691147708156759e-09
7.801601815063878551e-09
6.157761439395595511e-09
4.849316221806708533e-09
3.762688099516976334e-09
2.861402783830035289e-09
2.168680905782508103e-09
1.674842190175190044e-09
1.302893412818954317e-09
1.012595955953665908e-09
7.974717720141754479e-10
6.340922683154294246e-10
5.075363641375783152e-10
4.086856135327618879e-10
3.295156627592510477e-10
2.648971927623821967e-10
2.115174121217061231e-10
1.670141653135658112e-10
1.301146846095480425e-10
9.978338946642123503e-11
7.524016261428290204e-11
5.576963841992672575e-11
4.065678412840332711e-11
2.918236714930259723e-11
2.065144795890737977e-11
1.442973623905882077e-11
9.968021106032173014e-12
6.815985561925829403e-12
4.620455546402610641e-12
3.102548886126328164e-12
2.070129466818904129e-12
