# bin_2_2
2.600356933734839825e-08
2.662966823859368743e-08
2.710910518432862178e-08
2.738762360904201973e-08
2.741004587062806550e-08
2.712375771661568854e-08
2.648284390840851378e-08
2.545512619246954539e-08
2.403078536116978591e-08
2.222851713332300074e-08
2.010136939070675264e-08
1.773227302677069855e-08
1.523186215565896946e-08
1.273241075175184333e-08
1.037316429338946610e-08
8.278643018474095865e-09
6.533536845467771121e-09
5.139143623816152772e-09
4.059455649360766216e-09
3.210387761878821714e-09
2.515850950188765558e-09
1.938136272106178256e-09
1.475825885281371515e-09
1.133683210826990348e-09
8.855093837747420533e-10
6.922971497211472818e-10
5.456411207600686732e-10
4.353252371693402544e-10
3.500526559678901191e-10
2.833464540207343589e-10
2.299619032596653519e-10
1.863170292486689680e-10
1.500327424389904031e-10
1.195906493721724204e-10
9.404482630769487666e-11
7.278552571643357168e-11
5.536184473192832366e-11
4.136681765782121068e-11
3.037946920900231641e-11
2.195261041429239854e-11
1.563203605135927367e-11
1.098614495664296139e-11
7.631306072867466059e-12
5.245789232746861035e-12
3.572185895294250683e-12
2.411820368250084559e-12
1.615728045550946378e-12
1.074692955880558872e-12
7.101669520530044711e-13
4.665395826266758350e-13
