# bin_2_1
1.771985921457936995e-08
1.778534079746098190e-08
1.769033226791638708e-08
1.740247937787482100e-08
1.689560316941703217e-08
1.615339041873628722e-08
1.517358584160574327e-08
1.397249195745490386e-08
1.258841609546631761e-08
1.108145043869479246e-08
9.527683665402262082e-09
8.005454538017004734e-09
6.583370718895965848e-09
5.312977371639704473e-09
4.225245001365624860e-09
3.332127664435810287e-09
2.626336818064964968e-09
2.077290662233363265e-09
1.638289054592143466e-09
1.271254461371936064e-09
9.707290040120523172e-10
7.508362929356683166e-10
5.902123734750682465e-10
4.609334418557696748e-10
3.652798417858303284e-10
2.920002362823595306e-10
2.353494564810102983e-10
1.906417910992735709e-10
1.548149837252399794e-10
1.254444925726587831e-10
1.010297220858687600e-10
8.057420502326487173e-11
6.343877159038696375e-11
4.919850830528743903e-11
3.753053552607111164e-11
2.814702155535646202e-11
2.076007489964065385e-11
1.507221164130523134e-11
1.078544061986026125e-11
7.617525548739118264e-12
5.317091542970165580e-12
3.672092987675562284e-12
2.511759970073386365e-12
1.703120908143609520e-12
1.145625578453315183e-12
7.649744925167393298e-13
5.073825614657168384e-13
3.345077757624891548e-13
2.193723582559423440e-13
1.432269887090615774e-13
