# bin_3_3
3.200360265092349733e-08
3.313985391883012049e-08
3.417040403640636016e-08
3.503136668830930478e-08
3.565293543037984676e-08
3.596142069394936603e-08
3.588342241880526972e-08
3.535263895090381943e-08
3.431953613135609922e-08
3.275962090614274592e-08
3.068289515291685691e-08
2.813463894378354913e-08
2.519990381080011653e-08
2.200532425349539641e-08
1.871259412230545613e-08
1.550289640105150205e-08
1.254795416081009458e-08
9.976217981428160213e-09
7.852527349424139974e-09
6.171095124998014371e-09
4.860431556922665049e-09
3.822476704938839012e-09
2.978055403406207478e-09
2.287154105638922465e-09
1.741154490387136527e-09
1.337391004375063290e-09
1.043476830507188627e-09
8.153995012065094521e-10
6.421095257786599784e-10
5.114855346019496487e-10
4.101332829565751100e-10
3.306152425562978040e-10
2.668784176800505891e-10
2.148188301622131920e-10
1.717324140053313555e-10
1.358452438263279721e-10
1.060181136980355812e-10
8.146244269255692578e-11
6.155527955506360143e-11
4.572665811816044649e-11
3.340929112651362536e-11
2.403230322621681897e-11
1.704234575585789796e-11
1.193111155853871538e-11
8.257588615217381373e-12
5.656417695145705650e-12
3.838918876531028233e-12
2.583546542933031571e-12
1.725408502502340259e-12
1.144336880512074888e-12
