# bin_1_1
1.363383469749326731e-08
1.350741252917180370e-08
1.323353873685381105e-08
1.279220115944906125e-08
1.217178268970732045e-08
1.137253129192046851e-08
1.040949993673925302e-08
9.314968605400871609e-09
8.138785130581906459e-09
6.944187801310246963e-09
5.797948816478491063e-09
4.754565626485245289e-09
3.845254577370977923e-09
3.076627163202977044e-09
2.438336782146185659e-09
1.916889420557255331e-09
1.502081640965162314e-09
1.179049364384511803e-09
9.235320074093755536e-10
7.142426536223864678e-10
5.481809589178917310e-10
4.289845715482182260e-10
3.407658302070398821e-10
2.699727873486204769e-10
2.171097136102198454e-10
1.755187785909979657e-10
1.427453162112149944e-10
1.160930157495211602e-10
9.410174377693857472e-11
7.569919857910570570e-11
6.023092608926355419e-11
4.727334667862136038e-11
3.653254581913278922e-11
2.777092759001383350e-11
2.076055860180944845e-11
1.526877329782904072e-11
1.105843482748094621e-11
7.897003774371462019e-12
5.568216502277076639e-12
3.881714789973926327e-12
2.678411730836529736e-12
1.830924530355076232e-12
1.240971034966797043e-12
8.345398144105320422e-13
5.572006518635102486e-13
3.695852088429568187e-13
2.436877327412487689e-13
1.598599810593369152e-13
1.044318627261335974e-13
6.800335532438217512e-14
