# bin_5_4
4.544482386516967706e-08
4.783951191994043786e-08
5.025834765254080264e-08
5.262552420400034610e-08
5.484817676058320861e-08
5.682581813495215152e-08
5.840130010011575170e-08
5.947059725183775556e-08
5.989531835397710363e-08
5.952402264739899900e-08
5.828031922480705948e-08
5.608735635663297092e-08
5.292691994075507695e-08
4.884950152787793441e-08
4.398699132422304550e-08
3.855734749528565518e-08
3.285204149593839789e-08
2.719905308736356837e-08
2.194757806183168482e-08
1.736365147097729842e-08
1.360796313813132553e-08
1.067749369817441616e-08
8.426459718513600558e-09
6.640471986232299323e-09
5.151214290341996916e-09
3.909009178944052244e-09
2.949640638636860653e-09
2.264887488044296267e-09
1.754992598081497834e-09
1.356962428717860233e-09
1.063074037112205502e-09
8.399423906860171679e-10
6.694302751928289509e-10
5.367281842045701434e-10
4.314029120070479976e-10
3.461799882789827980e-10
2.761751167305821710e-10
2.182091443958127591e-10
1.702166067931183232e-10
1.307912249417451828e-10
9.885456912078028029e-11
7.345905354028136665e-11
5.368505179591018395e-11
3.861933516854459824e-11
2.738051148066599218e-11
1.915875336162099988e-11
1.324869612369327321e-11
9.065590917827755284e-12
6.144689399878962029e-12
4.129416022009295493e-12
