# bin_3_2
2.844204327240003997e-08
2.926072743589989556e-08
2.994465012280274610e-08
3.043465682535218978e-08
3.066847777539471577e-08
3.058410659613525535e-08
3.012373580731928856e-08
2.924110525200312527e-08
2.791078827995879475e-08
2.613556367180769432e-08
2.395413192457973938e-08
2.143900376604923086e-08
1.869720669306587064e-08
1.586727369230663661e-08
1.310694063688329738e-08
1.057194685562397028e-08
8.383731133216525548e-09
6.598131510992684717e-09
5.197963838060679864e-09
4.110621656992792710e-09
3.240288895100784435e-09
2.517626452311186706e-09
1.923384288445518676e-09
1.467941859925228469e-09
1.137095047261149370e-09
8.861831518949902423e-10
6.940835758090881543e-10
5.496173053890468230e-10
4.392012674472986212e-10
3.538739491948891937e-10
2.864792650649796493e-10
2.321477178499711846e-10
1.874680624356363554e-10
1.502116806661819566e-10
1.189803159774235404e-10
9.288784965570549732e-11
7.133225529320372307e-11
5.382975268365355972e-11
3.991644626637710164e-11
2.910692482034307786e-11
2.089793046923932546e-11
1.479521185431146264e-11
1.034416366649947068e-11
7.151660047309354609e-12
4.895051131460699093e-12
3.320223250349154654e-12
2.234166788766589742e-12
1.491254396770228514e-12
9.891700159684447680e-13
6.515567170477483562e-13
