# bin_4_4
4.272195805860211029e-08
4.484794800339292508e-08
4.696626525130857442e-08
4.900201728515775091e-08
5.086525497320052382e-08
5.246092120403108646e-08
5.364109894726081586e-08
5.431383723411200224e-08
5.435734548294293118e-08
5.364126408817660145e-08
5.211305371875243968e-08
4.972281014471727999e-08
4.647976710019434129e-08
4.245944085760682799e-08
3.781229542485139700e-08
3.276359991194507496e-08
2.759515985437661471e-08
2.261001417822199531e-08
1.809056956239054082e-08
1.424710964161056334e-08
1.116257968950474608e-08
8.778517675959858812e-09
6.932959648670056846e-09
5.440968042108652576e-09
4.189397888065261706e-09
3.167583196313664349e-09
2.403920543163530368e-09
1.858785444570912077e-09
1.441959018411213135e-09
1.120186210344216227e-09
8.833044589989853706e-10
7.011012697871389867e-10
5.613301565526023265e-10
4.513392470056764241e-10
3.631575577672879489e-10
2.911665844175863966e-10
2.316620490280951037e-10
1.822566325643547976e-10
1.413887553537274531e-10
1.079503413469104459e-10
8.103626700619517796e-11
5.980490265364348591e-11
4.341709121489045123e-11
3.104073234900884506e-11
2.188490397108391458e-11
1.523754739241936138e-11
1.049104997822409174e-11
7.150950872028926010e-12
4.830377678880516030e-12
3.236294874756138152e-12
