# bin_4_3
3.640559526337191333e-08
3.792811607350960656e-08
3.937842299526858262e-08
4.068630394289445694e-08
4.177216559394372595e-08
4.255687244746230754e-08
4.291891113463255521e-08
4.279682224423271786e-08
4.210244686329654759e-08
4.077945401591712207e-08
3.880519561934126137e-08
3.619499960022899078e-08
3.301136926671966243e-08
2.937128478644553415e-08
2.544539451312768941e-08
2.144717024793172645e-08
1.760523532188452395e-08
1.412455746995318734e-08
1.115256708662179618e-08
8.751385112362242791e-09
6.881171549969935921e-09
5.428580504319923078e-09
4.264282638764299963e-09
3.298458571931812741e-09
2.507005217566293827e-09
1.905858629409235227e-09
1.475346520586761276e-09
1.148788669457685284e-09
8.961151971769450901e-10
7.079600213560116432e-10
5.641599795743048957e-10
4.527129713736077259e-10
3.649202677609721432e-10
2.942582295761434513e-10
2.363319380280923142e-10
1.882973298282281734e-10
1.483069013024107606e-10
1.151540382781993635e-10
8.798246665671889418e-11
6.608587558792234739e-11
4.879732367974675254e-11
3.544452051196804775e-11
2.535544860263759116e-11
1.788844480854473009e-11
1.246454450715559969e-11
8.589154986341225036e-12
5.860096654582179651e-12
3.962324734427269525e-12
2.657359027611351175e-12
1.769051707716954728e-12
