# bin_3_1
1.871226047914914355e-08
1.883094736340287093e-08
1.878739621298233698e-08
1.854645440009587887e-08
1.807859785467479235e-08
1.736373134491444932e-08
1.639564726478602973e-08
1.518696185392595223e-08
1.377310274576003015e-08
1.221536567450675969e-08
1.058290976464840884e-08
8.964862051741502458e-09
7.432855603065006667e-09
6.045828514155432567e-09
4.842850239297109390e-09
3.843108236695924646e-09
3.044094548724534421e-09
2.416175982479814793e-09
1.909821558987410832e-09
1.483544592390314365e-09
1.132576809649075127e-09
8.760749386252841776e-10
6.900679126410600743e-10
5.387536819758545657e-10
4.244437885357820202e-10
3.369936665578518208e-10
2.706866819638982275e-10
2.184128193762216504e-10
1.767528232948305041e-10
1.429637406722404851e-10
1.151152040402798535e-10
9.192992600233875822e-11
7.259098093688261254e-11
5.653978663351846248e-11
4.337096724287534046e-11
3.274272402818549794e-11
2.433000566306051298e-11
1.780618807176695991e-11
1.284827819170699821e-11
9.150433308296203211e-12
6.438914506557807367e-12
4.481033439988855102e-12
3.086987187286347031e-12
2.106939742797340330e-12
1.425836877419554308e-12
9.573636923194777500e-13
6.382256204183707818e-13
4.227271757472128784e-13
2.783886873435496094e-13
1.824279629697307438e-13
