# bin_4_1
2.002148217712217869e-08
2.021106936288081305e-08
2.023585101499095338e-08
2.005684754186515422e-08
1.963999856796081207e-08
1.896014787234182146e-08
1.800589898499340857e-08
1.678515659948581597e-08
1.532983163293925997e-08
1.369731270863489102e-08
1.196572497255074204e-08
1.022122285417000117e-08
8.545624340944487648e-09
7.007813638461263012e-09
5.657397579444886018e-09
4.522688020614369883e-09
3.606552455104073793e-09
2.879243481579880920e-09
2.285925473123256219e-09
1.779901162101746433e-09
1.358629394572356500e-09
1.049770433750891265e-09
8.272196341686165766e-10
6.463110419333869216e-10
5.082554656541027085e-10
4.012181370308150521e-10
3.201907725886972182e-10
2.572035159165631074e-10
2.074844167290598346e-10
1.673328537286671412e-10
1.345891964528387325e-10
1.075390983385078787e-10
8.509570188179798037e-11
6.651773596457642180e-11
5.127759895935761127e-11
3.895081645603089932e-11
2.915158517182857562e-11
2.150682093453652769e-11
1.565320562846832025e-11
1.124870388906278181e-11
7.987363700720456261e-12
5.608017458163234541e-12
3.896113204333030820e-12
2.680246011959295838e-12
1.827090369437328982e-12
1.235025322768093604e-12
8.283866578163162254e-13
5.517456457774707301e-13
3.651842286245099384e-13
2.403734318454111847e-13
