# bin_5_1
2.052536809548406704e-08
2.074131061239905687e-08
2.079162036165418644e-08
2.063599763647815500e-08
2.023881956738681171e-08
1.957318165645668910e-08
1.862588261242408716e-08
1.740317077178716084e-08
1.593569431139092030e-08
1.428030108621400725e-08
1.251548305790397134e-08
1.072884410726374056e-08
9.004649901020162977e-09
7.414980432336787321e-09
6.012870166843806627e-09
4.829587631501934644e-09
3.869690742862483420e-09
3.103215012169187130e-09
2.473345084423674181e-09
1.931702394289030692e-09
1.477213334412251549e-09
1.141667702377541597e-09
8.992776895178349408e-10
7.027161873597388648e-10
5.526393277519755710e-10
4.359617014146914185e-10
3.472049926270839033e-10
2.778922618714719881e-10
2.234483159385326208e-10
1.798699905915581915e-10
1.444103578981412721e-10
1.152540690657828752e-10
9.117959416786975282e-11
7.131037578447096447e-11
5.504862801613487792e-11
4.190783148833398023e-11
3.145932264349378060e-11
2.329706641500049001e-11
1.703189300861507210e-11
1.230129884686715263e-11
8.782803296162100450e-12
6.202236236380100731e-12
4.334377852352492702e-12
2.999261516294493908e-12
2.056176875034108722e-12
1.397407267741102427e-12
9.420693829698687293e-13
6.304233325434090278e-13
4.190653826514574273e-13
2.769227997581031328e-13
