# bin_5_5
4.891452130054477407e-08
5.166913872611364247e-08
5.449493186505453318e-08
5.731677940506319452e-08
6.004023539706521535e-08
6.256012816832438588e-08
6.471049038268000189e-08
6.637383169389584077e-08
6.739252144024380884e-08
6.759001360375441011e-08
6.685862147356885978e-08
6.508503085636569501e-08
6.221094332550525108e-08
5.824607982166180209e-08
5.328565215711563158e-08
4.752100315228591296e-08
4.123439513319830069e-08
3.477460085362129219e-08
2.852558314384361442e-08
2.284863287344269023e-08
1.800732738145018907e-08
1.410915997458909648e-08
1.108695247796614190e-08
8.741001111292855679e-09
6.846455538644263733e-09
5.264665342421512205e-09
3.979344803763574502e-09
3.014135077646984761e-09
2.317623258674444465e-09
1.790248905712032603e-09
1.386667775617392145e-09
1.086613195174460765e-09
8.586096573674773629e-10
6.836702364769290090e-10
5.470073792994641187e-10
4.382246233964283245e-10
3.501016737588776092e-10
2.778068551419143584e-10
2.181848327968888584e-10
1.691313932493227424e-10
1.291466478753900407e-10
9.703365962378465371e-11
7.171408423632192975e-11
5.215477712994575771e-11
3.735675990231628140e-11
2.638373986614574720e-11
1.839749780578824385e-11
1.268198134783068817e-11
8.652247555868536872e-12
5.848324909973406579e-12
