4.477868798598186991e-06
-1.385232570411103023e-07
3.795120958475369600e-06
-1.158059042013012650e-08
-2.382949046446557855e-07
-1.763057551897399084e-07
-1.168163764387251812e-07
7.552251394948736683e-09
3.993153731427465044e-09
2.175269232200712864e-06
9.994002267683174226e-07
-2.287397693322318963e-07
4.762378960141090005e-07
1.224637861481876153e-07
3.579874663176933762e-08
1.182718971075812961e-07
2.343484870432896783e-08
2.053311924407630661e-08
-3.401604315066499976e-06
1.629188255742466586e-06
8.139036701759895451e-07
1.297148849932117988e-07
-9.205318840171107040e-08
7.506159363285875413e-09
2.544462793139008419e-08
6.032478476844880697e-08
6.076749381603227669e-09
4.209594608565250738e-06
1.221077032732089259e-06
-9.268294985612505164e-07
-3.607300889765723724e-07
3.867291160726362438e-07
-3.777087287191696216e-08
6.735719963152274439e-08
2.617960078515350624e-08
3.371189310610605047e-08
-1.844159080281178584e-06
2.592743906057448735e-07
3.032767349783543523e-07
5.169305450345710432e-07
3.520568732167187560e-07
-1.872202087212294021e-08
1.577948960363950117e-08
6.917947796444424400e-08
4.675775048763769550e-08
6.903491488599122170e-06
5.304539025757301025e-07
2.135458536913778371e-06
5.703621150945887805e-07
4.137487857036458821e-07
2.190396904462888437e-07
8.629202945246845882e-08
8.080571944144132085e-08
3.428017686881880979e-08
-2.047220084311780200e-06
-8.052380443542313768e-07
6.846904952246226764e-07
3.587612777644900542e-07
2.325162058461988761e-07
1.167578190256562153e-07
1.094921691145889229e-07
1.295958197821015950e-07
7.928510504767321982e-08
-5.432650098289819016e-07
3.496062105207495377e-07
-4.963752425501424867e-08
9.623570770728015628e-07
4.558904529917179138e-07
-6.132690118858316594e-09
1.693380681472226766e-07
1.452557514679703878e-07
9.377491341896207641e-08
-1.588609212147976109e-06
2.455572628469532771e-07
8.477679415956552167e-08
9.309115214042372900e-07
4.241139534763071106e-07
1.470710956751201008e-07
1.457546418523651969e-07
1.651534029216665545e-07
1.156289867754965264e-07
-4.138569378480120457e-06
5.697187565799167623e-08
-7.278462405881600530e-07
1.176014550529859020e-06
3.709716948394257409e-07
2.366909980430759972e-07
1.680112696653578841e-07
2.215814454605092383e-07
1.131515086657880616e-07
-3.377954681195631076e-06
-5.530114471053861003e-07
6.054679654808034405e-07
9.881725978260120621e-07
6.329924448926549132e-07
3.322453479366966088e-07
3.107972073360813224e-07
3.188793709696070834e-07
2.157548038071246876e-07
-4.668307890648268494e-06
-2.632425635587174584e-06
2.357788592684594441e-07
1.350200602924118948e-06
5.071296534128811022e-07
4.479006050873419130e-07
3.619469709253350573e-07
3.716388712921998891e-07
2.408560785598678815e-07
-4.710850230312981381e-06
-1.393440540340683443e-07
2.852042346509327317e-06
1.331816101738425709e-06
1.208290101545939758e-06
6.689074380519673204e-07
7.218953849696875630e-07
5.676408624142573145e-07
3.512116118136195095e-07
-5.211321780610882067e-06
6.652613249388420026e-07
2.767048650097553650e-06
2.229100809399295400e-06
1.361227839671178389e-06
1.176559641968671024e-06
9.291051512752729749e-07
7.755621799978284833e-07
4.890832735036706692e-07
-3.131586736381357491e-06
3.448189455001363984e-06
5.261388248129950812e-06
3.692827679049282665e-06
2.169832781067604424e-06
1.728776199841672740e-06
1.445958126483709537e-06
1.007735821693817953e-06
5.906745010184829504e-07
2.424982757327495649e-07
2.617600402820484939e-07
-3.289042059348324062e-07
-6.706905239041277824e-08
1.151147580735575813e-09
-4.188209296511107417e-08
4.357582756820036206e-08
8.118636855134337511e-08
-6.880354782039320163e-08
3.804557309392962912e-08
-1.617153450770530619e-08
1.043074357919774454e-08
-1.123816416128246198e-07
-1.486488334842563323e-07
-1.959374096030841009e-08
-6.443257006684260636e-08
-1.346589105116233645e-08
7.665936906626613726e-09
2.575972893262367413e-07
-1.893078076053404385e-07
-1.050823055877818598e-07
5.277471330277104580e-08
-3.089480440355218178e-08
2.653445309912004038e-08
-2.986984233370490126e-07
-1.784941924005342910e-07
-1.286686183698266976e-07
4.759322110016992680e-08
-2.203384629595608565e-08
2.194773504722294770e-08
-1.838344081764590929e-07
1.921755127837819826e-08
4.050620258269303299e-08
1.836096321987742436e-08
-6.702648604522399666e-10
8.527560990309216174e-09
-3.780487481851681637e-07
2.843515879669072881e-08
7.757828495496758246e-08
6.660667852505684317e-08
-2.496308726910625959e-09
3.736996696669209614e-09
-7.947900790490210861e-07
-1.001423318247901737e-07
4.376073826751647659e-08
4.036777419816838924e-08
-2.261423138629690283e-09
1.925275175802028683e-08
-4.938420742038204658e-07
-3.604418692603731837e-07
3.227148616160530450e-08
-2.527192316176174142e-08
-2.360686386406063245e-08
-2.575603077067712296e-09
-9.170436898567386207e-07
-1.221777584589863153e-07
2.828532353969150769e-09
2.034840539700061149e-08
-4.099393340437518155e-08
-1.935624837860918829e-09
-4.675942125621074745e-07
-7.166334997089464788e-08
8.092115643588749295e-08
6.238912680413665521e-08
-3.190918571047739987e-08
-2.892415219601371770e-09
-3.683599428342298316e-07
-9.313874602925644141e-08
1.983163218696614989e-07
7.872641890993487841e-08
1.315567367498512260e-08
3.680157791855954773e-08
-9.155461025105485903e-07
-2.180251305849607253e-08
1.442939277997608936e-07
7.411766577010310362e-08
1.149576539578617702e-08
2.215389933401931185e-08
-1.385548737983201104e-06
2.027638433797638880e-08
2.326454450717900683e-07
1.072379262020673792e-07
4.216309961707733275e-08
7.723666175878446875e-08
-9.311136587501179379e-07
3.797157174974957913e-07
3.946286917897560999e-07
2.126821202800615543e-07
1.401735631633770629e-07
1.142188134993583961e-07
