# k_h
7.757927960483364087e-05
1.082706075976602462e-04
1.511037989985199138e-04
2.108823391608893329e-04
2.943100116681308638e-04
4.107427084818484025e-04
5.732376594096423280e-04
8.000175585038958896e-04
1.116514438763260841e-03
1.558221410959958813e-03
2.174673136323691282e-03
3.035000991076231436e-03
4.235684871673583984e-03
4.379254300147295866e-03
4.527689423412086314e-03
4.681156016886233416e-03
4.839824046939613170e-03
5.003870464861394710e-03
5.173477344214917097e-03
5.348832812160251790e-03
5.530132446438074979e-03
5.717576947063207626e-03
5.911374930292368803e-03
6.111741531640292081e-03
6.318899802863599605e-03
6.533079314976928016e-03
6.754518952220679197e-03
6.983464118093251315e-03
7.220169529318807775e-03
7.464897818863389274e-03
7.717921398580076045e-03
7.979521527886388951e-03
8.249987848103042948e-03
8.529622107744215184e-03
8.818734437227250880e-03
9.117647074162956583e-03
9.426690638065338135e-03
9.746208786964413034e-03
1.007655821740627289e-02
1.041810400784015829e-02
1.077122706919908871e-02
1.113631855696439917e-02
1.151378545910119663e-02
1.190404687076806849e-02
1.230753585696221092e-02
1.272470131516456604e-02
1.315600611269474030e-02
1.360193081200123354e-02
1.406296994537115617e-02
1.453963574022054499e-02
1.503245811909436486e-02
1.554198469966650183e-02
1.606878265738487244e-02
1.661343500018119465e-02
1.717654988169670105e-02
1.775875128805636666e-02
1.836068555712699890e-02
1.898302324116229664e-02
1.962645538151264538e-02
2.029169537127017975e-02
2.097948640584945332e-02
2.169058844447136272e-02
2.242579311132431377e-02
2.318591810762882580e-02
2.397180721163749695e-02
2.478433400392532002e-02
2.562440186738967896e-02
2.649294398725032806e-02
2.739092521369456551e-02
2.831934392452240337e-02
2.927923016250133167e-02
3.027165308594703327e-02
3.129771351814270020e-02
3.235855326056481102e-02
3.345534950494765541e-02
3.458932414650917747e-02
3.576173260807991722e-02
3.697388246655463478e-02
3.822711482644081116e-02
3.952282667160033486e-02
4.086245968937873146e-02
4.224749654531478188e-02
4.367947950959206321e-02
4.515999928116799095e-02
4.669070243835448525e-02
4.827329143881798484e-02
4.990951716899871826e-02
5.160120874643325112e-02
5.335023626685141129e-02
5.515854805707932212e-02
5.803185701370238564e-02
6.090516224503517151e-02
6.377846747636793656e-02
6.665177643299102783e-02
6.952508538961409135e-02
7.239838689565659957e-02
7.527169585227964921e-02
7.814500480890275436e-02
8.101830631494522095e-02
8.389161527156829834e-02
8.676492422819137573e-02
8.963822573423384232e-02
9.251153469085691972e-02
9.538484364748002486e-02
9.825815260410307450e-02
1.011314541101455688e-01
1.040047630667686324e-01
1.068780720233917236e-01
1.097513735294342319e-01
1.126246824860572537e-01
1.154979914426803311e-01
1.183712929487228394e-01
1.212446019053459167e-01
1.241179108619690358e-01
1.269912123680114469e-01
1.298645287752151489e-01
1.327378302812576294e-01
1.356111317873001099e-01
1.384844481945037842e-01
1.413577497005462646e-01
1.442310512065887451e-01
1.471043676137924194e-01
1.499776691198348999e-01
1.528509706258773804e-01
1.557242870330810547e-01
1.585975885391235352e-01
1.614708900451660156e-01
1.643442064523696899e-01
1.672175079584121704e-01
1.700908094644546509e-01
1.729641258716583252e-01
1.758374273777008057e-01
1.787107288837432861e-01
1.815840452909469604e-01
1.844573467969894409e-01
1.873306632041931152e-01
1.902039647102355957e-01
1.930772662162780762e-01
1.959505826234817505e-01
1.988238841295242032e-01
2.016971856355666837e-01
2.045705020427703857e-01
2.127522528171539029e-01
2.212612181901932040e-01
2.301105111837387085e-01
2.393137365579605380e-01
2.488850355148315430e-01
2.588391304016113281e-01
2.691913545131683350e-01
2.799575924873352051e-01
2.911544442176818848e-01
3.027990758419036865e-01
3.149094581604003906e-01
3.275041878223419189e-01
3.406026661396027166e-01
3.542249798774719238e-01
3.683921396732330322e-01
3.831259012222290039e-01
3.984489142894745428e-01
4.143847823143005371e-01
4.309580326080322821e-01
4.481940865516662598e-01
4.661194980144500732e-01
4.847618639469147284e-01
5.041497945785522461e-01
5.243131518363952637e-01
5.452829599380493164e-01
5.670914053916931152e-01
5.897721052169799805e-01
6.133598685264587402e-01
7.648288011550903320e-01
9.537029266357422985e-01
1.189219355583190918e+00
1.482896566390991211e+00
1.849097132682800293e+00
2.305730819702148438e+00
2.875129699707030806e+00
3.585141658782959428e+00
4.470490455627441406e+00
5.574476242065430576e+00
6.951090335845947266e+00
8.667658805847169745e+00
1.080813217163085938e+01
1.347719573974609553e+01
1.680538177490234020e+01
2.095546340942383168e+01
2.613040542602538352e+01
3.258329391479492188e+01
3.303350520684229252e+01
3.348993717774482093e+01
3.395267578013429954e+01
3.442180815427094842e+01
3.489742264445312259e+01
3.537960881565384597e+01
3.586845747038710641e+01
3.636406066580735796e+01
3.686651173104505830e+01
3.737590528478202145e+01
3.789233725306935696e+01
3.841590488739170439e+01
3.894670678298117394e+01
3.948484289738409103e+01
4.003041456928455943e+01
4.058352453758786282e+01
4.114427696076776186e+01
4.171277743648089853e+01
4.228913302145247144e+01
4.287345225163646489e+01
4.346584516265446041e+01
4.406642331051705952e+01
4.467529979263127871e+01
4.529258926909860605e+01
4.591840798430690995e+01
4.655287378882110971e+01
4.719610616157601157e+01
4.784822623237584338e+01
4.850935680470487199e+01
4.917962237885286925e+01
4.985914917536045721e+01
5.054806515878805584e+01
5.124650006181362016e+01
5.195458540966295402e+01
5.267245454487796508e+01
5.340024265242679036e+01
5.413808678516119244e+01
5.488612588962550376e+01
5.564450083222219234e+01
5.641335442573900849e+01
5.719283145624287101e+01
5.798307871034481309e+01
5.878424500284221210e+01
5.959648120474262356e+01
6.041994027167513082e+01
6.125477727269377937e+01
6.210114941947941247e+01
6.295921609594505952e+01
6.382913888824983673e+01
6.471108161522816715e+01
6.560521035923906652e+01
6.651169349744205306e+01
6.743070173350459129e+01
6.836240812974821779e+01
6.930698813973884853e+01
7.026461964132673188e+01
7.123548297014369268e+01
7.221976095356278336e+01
7.321763894512743320e+01
7.422930485945592238e+01
7.525494920762841389e+01
7.629476513306320840e+01
7.734894844788796320e+01
7.841769766981417433e+01
7.950121405952070575e+01
8.059970165855440882e+01
8.171336732775351663e+01
8.284242078620277994e+01
8.398707465072671141e+01
8.514754447592797248e+01
8.632404879477964244e+01
8.751680915977790676e+01
8.872605018466389026e+01
8.995199958672112928e+01
9.119488822965824681e+01
9.245495016708406411e+01
9.373242268658273701e+01
9.502754635439879394e+01
9.634056506073899584e+01
9.767172606570028393e+01
9.902128004583272514e+01
1.003894811413448878e+02
1.017765870039626890e+02
1.031828588454483508e+02
1.046085614867905349e+02
1.060539634080739262e+02
1.075193367990376743e+02
1.090049576103330224e+02
1.105111056054881260e+02
1.120380644135918402e+02
1.135861215827053599e+02
1.151555686340110327e+02
1.167467011167103408e+02
1.183598186636798459e+02
1.199952250478966818e+02
1.216532282396427291e+02
1.233341404645001518e+02
1.250382782621481397e+02
1.267659625459713055e+02
1.285175186634925524e+02
1.302932764576405020e+02
1.320935703288640468e+02
1.339187392981040432e+02
1.357691270706360172e+02
1.376450821007952356e+02
1.395469576575948736e+02
1.414751118912520269e+02
1.434299079006322586e+02
1.454117138016268314e+02
1.474209027964733139e+02
1.494578532440353626e+02
1.515229487310533898e+02
1.536165781443786784e+02
1.557391357442066919e+02
1.578910212383219687e+02
1.600726398573684719e+02
1.622844024311608848e+02
1.645267254660487026e+02
1.668000312233515672e+02
1.691047477988759056e+02
1.714413092035320858e+02
1.738101554450647939e+02
1.762117326109124349e+02
1.786464929522124976e+02
1.811148949689657570e+02
1.836174034963795236e+02
1.861544897924017619e+02
1.887266316264661157e+02
1.913343133694626772e+02
1.939780260849516651e+02
1.966582676216384584e+02
1.993755427071243957e+02
2.021303630429547979e+02
2.049232474009802161e+02
2.077547217210473036e+02
2.106253192100417095e+02
2.135355804422979702e+02
2.164860534613981997e+02
2.194772938833752960e+02
2.225098650013439396e+02
2.255843378915773201e+02
2.287012915210477217e+02
2.318613128564549299e+02
2.350649969747601631e+02
2.383129471752482402e+02
2.416057750931360601e+02
2.449441008147537957e+02
2.483285529943144923e+02
2.517597689722995256e+02
2.552383948954786206e+02
2.587650858385884476e+02
2.623405059276923907e+02
2.659653284652456477e+02
2.696402360568862377e+02
2.733659207399811635e+02
2.771430841139452355e+02
2.809724374723630262e+02
2.848547019369357258e+02
2.887906085932777955e+02
2.927808986285922401e+02
2.968263234712449048e+02
3.009276449322708231e+02
3.050856353488325681e+02
3.093010777296634615e+02
3.135747659025184930e+02
3.179075046636637012e+02
3.223001099294314713e+02
3.267534088898673872e+02
3.312682401645039931e+02
3.358454539602830664e+02
3.404859122316625530e+02
3.451904888429346556e+02
3.499600697327865646e+02
3.547955530811367453e+02
3.596978494782724738e+02
3.646678820963297198e+02
3.697065868631373746e+02
3.748149126384667511e+02
3.799938213927155175e+02
3.852442883880595446e+02
3.905673023621105244e+02
3.959638657141064186e+02
4.014349946936808351e+02
4.069817195922341853e+02
4.126050849369542561e+02
4.183061496875146190e+02
4.240859874354922567e+02
4.299456866065394252e+02
4.358863506653510171e+02
4.419090983234617624e+02
4.480150637499149298e+02
4.542053967848434013e+02
4.604812631560008072e+02
4.668438446982843288e+02
4.732943395762909518e+02
4.798339625099502541e+02
4.864639450032706804e+02
4.931855355762527324e+02
4.999999999999998295e+02
