# bin_4_4
2.011196190545709887e-04
2.013865861511840265e-04
2.011251396154958371e-04
2.013760287912809280e-04
2.011299526063563780e-04
2.013656438331128888e-04
2.011340596179735107e-04
2.013553852839325376e-04
2.011374592590241706e-04
2.013452063574721436e-04
2.011401471367050436e-04
2.013350593736956803e-04
2.011421158463023518e-04
2.013248956718493633e-04
2.011433549742644553e-04
2.013146655389933188e-04
2.011438511200213395e-04
2.013043181629254718e-04
2.011435879423540177e-04
2.012938016142345034e-04
2.011425462370013161e-04
2.012830628650919202e-04
2.011407040533100797e-04
2.012720478539981961e-04
2.011380368586673610e-04
2.012607016044073646e-04
2.011345177601906538e-04
2.012489684080604835e-04
2.011301177933026935e-04
2.012367920831761847e-04
2.011248062884263862e-04
2.012241163171947912e-04
2.011185513246592331e-04
2.012108851046667032e-04
2.011113202809363678e-04
2.011970432881311278e-04
2.011030804905268978e-04
2.011825372076647992e-04
2.010938000041579787e-04
2.011673154610416547e-04
2.010834484591401700e-04
2.011513297690899096e-04
2.010719980466962994e-04
2.011345359339115912e-04
2.010594245589850690e-04
2.011168948644955639e-04
2.010457084829384239e-04
2.010983736295434332e-04
2.010308360938015246e-04
2.010789464800995783e-04
2.010148004777337772e-04
2.010585957602126455e-04
2.009976023916956484e-04
2.010373126003558585e-04
2.009792508405529201e-04
2.010150972601426741e-04
2.009597632251907686e-04
2.009919589607206468e-04
2.009391648895110570e-04
2.009679150248460159e-04
2.009174878775777751e-04
2.009429891309296031e-04
2.008947687062541865e-04
2.009172084929036609e-04
2.008710449788729568e-04
2.008905998118553314e-04
2.008463507169249514e-04
2.008631839196768425e-04
2.008207103860276904e-04
2.008349691613368990e-04
2.007941317494377101e-04
2.008059437527113687e-04
2.007665979070133780e-04
2.007760676092973688e-04
2.007380591686226668e-04
2.007452644619503890e-04
2.007084257539626198e-04
2.007134154306974253e-04
2.006775626647951713e-04
2.006803555622805018e-04
2.006452883673224533e-04
2.006458750574420080e-04
2.006113790369895469e-04
2.006097268851227339e-04
2.005755799041460076e-04
2.005716420362932179e-04
2.005376245208613842e-04
2.005313526407099221e-04
2.004972613977794001e-04
2.004886214413406024e-04
2.004542853837731474e-04
2.004432737369262656e-04
2.004085685461947524e-04
2.003952251839052900e-04
2.003600826674275495e-04
2.003444965232774951e-04
2.003089037619902742e-04
2.002912055491018928e-04
2.002551896128164279e-04
2.002355289577602932e-04
2.001991257237870927e-04
2.001776334452419297e-04
2.001408442303369425e-04
2.001175868217995222e-04
2.000803334830722881e-04
2.000552739694190995e-04
2.000173696192823444e-04
1.999903538202483968e-04
1.999515083690289719e-04
1.999222936536751622e-04
1.998821663216593207e-04
1.998504969869635789e-04
1.998087889715049581e-04
1.997744982190571849e-04
1.997310513355191714e-04
1.996941425859153133e-04
1.996489872312980096e-04
1.996096353802072484e-04
1.995629351391191872e-04
1.995213732608357626e-04
1.994732616890310193e-04
1.994295885218516314e-04
1.993799778713088733e-04
1.993340066223977115e-04
1.992825154417868347e-04
1.992338115050762664e-04
1.991799245045779122e-04
1.991280731860049671e-04
1.990714703927754772e-04
1.990163940787261334e-04
1.989571673190364872e-04
1.988991613666359222e-04
1.988376248128012093e-04
1.987769598641388104e-04
1.987131339350846685e-04
1.986495744373304546e-04
1.985829149632117668e-04
1.985157972715292517e-04
1.984456545383487072e-04
1.983746096116947779e-04
1.983009560540153560e-04
1.982263224921958125e-04
1.981496060777230596e-04
1.980716987900095212e-04
1.979917954395139345e-04
1.979100394369727922e-04
1.978260731797520933e-04
1.977397249226346958e-04
1.976514024598611684e-04
1.975607595562928339e-04
1.974686450614634330e-04
1.973740562160869320e-04
1.972778319824633258e-04
1.971783914282034911e-04
1.970770604893588667e-04
1.969723653593581213e-04
1.968662908784737009e-04
1.967570037432073366e-04
1.966462881846276650e-04
1.965316132970404102e-04
1.964150810287173957e-04
1.962944836683159708e-04
1.961725762656619707e-04
1.960467133552617829e-04
1.959191679617960750e-04
1.957868434158201610e-04
1.956527264506127347e-04
1.955142078074019951e-04
1.953742094678931210e-04
1.952291631887604348e-04
1.950819657589446558e-04
1.949297475871965919e-04
1.947759446556617772e-04
1.946168127476665798e-04
1.944552780104805839e-04
1.942882562209618808e-04
1.941194080971302561e-04
1.939447573959929402e-04
1.937674395069126517e-04
1.935843824429142601e-04
1.933991000950611419e-04
1.932073603516522536e-04
1.930128784145881125e-04
1.928124128165847320e-04
1.926089078811597192e-04
1.923986314270427153e-04
1.921856848895870913e-04
1.919657780780381119e-04
1.917424405461660975e-04
1.915124640458824683e-04
1.912787213283762824e-04
1.910377672902641426e-04
1.907933411939227253e-04
1.905410694075085668e-04
1.902851955545610410e-04
1.900213902645411042e-04
1.897534228387050736e-04
1.894776047534816015e-04
1.891970943536127573e-04
1.889086483729334419e-04
1.886151551066959562e-04
1.883134780544408254e-04
1.880064938536958412e-04
1.876910130679084658e-04
1.873699764629150569e-04
1.870401235853706679e-04
1.867044444230526329e-04
1.863596374241887992e-04
1.860087081475812222e-04
1.856483457173589105e-04
1.852815439921101778e-04
1.849050053661893103e-04
1.845216940381180911e-04
1.841283401556028320e-04
1.837278670038727324e-04
1.833170417403523380e-04
1.828987396036830897e-04
1.824697709187220792e-04
1.820329582134928674e-04
1.815851593008256269e-04
1.811291408680511987e-04
1.806618114061921924e-04
1.801858796478996295e-04
1.796983072219290216e-04
1.792017435161838770e-04
1.786932052616269551e-04
1.781752816641447336e-04
1.776450461736348593e-04
1.771050274248684125e-04
1.765523569540638409e-04
1.759895028172770847e-04
1.754136558254047479e-04
1.748272237857100269e-04
1.742274578465846440e-04
1.736167062041975772e-04
1.729922813247429742e-04
1.723564727183839423e-04
1.717066551031474141e-04
1.710450605017153317e-04
1.703691268033404461e-04
1.696810300058115872e-04
1.689782721027253281e-04
1.682629747875859596e-04
1.675327051310658360e-04
1.667895324974289959e-04
1.660310900706269516e-04
1.652593971133205371e-04
1.644721540444570203e-04
1.636713325046358571e-04
1.628547013752744920e-04
1.620241874062443375e-04
1.611776292929965155e-04
1.603169118776785111e-04
1.594399451615683035e-04
1.585485753130089573e-04
1.576407852846589295e-04
1.567183860537883560e-04
1.557794353341287043e-04
1.548257126391472741e-04
1.538553524239748467e-04
1.528701067026973421e-04
1.518681888245362378e-04
1.508513274941508263e-04
1.498178172757898827e-04
1.487693679630536746e-04
1.477043578131438271e-04
1.466244822912607317e-04
1.455282059625673339e-04
1.444172146979872090e-04
1.432900620924383334e-04
1.421484292646912656e-04
1.409909616253149844e-04
1.398193404347806100e-04
1.386323057120235911e-04
1.374315437333410998e-04
1.362158918512508597e-04
1.349870461230599750e-04
1.337439437986500420e-04
1.324882952629280084e-04
1.312191399492645711e-04
1.299382067653745041e-04
1.286446391954713974e-04
1.273401883554307911e-04
1.260241030605203211e-04
1.246981596239422560e-04
1.233617126876227030e-04
1.220165658393944288e-04
1.206621790313268638e-04
1.193003840459523878e-04
1.179307443597187645e-04
1.165551194389415909e-04
1.151731729451328410e-04
1.137867897880760011e-04
1.123957286152613703e-04
1.110018954941362988e-04
1.096051366801981841e-04
1.082073727448043039e-04
1.068085276765299646e-04
1.054105272169409302e-04
1.040133604188710670e-04
1.026189459025868338e-04
1.012273220742944245e-04
9.984038497175691225e-05
9.845820343856097161e-05
9.708263219429991066e-05
9.571374836707925390e-05
9.435334340174053830e-05
9.300147747694936275e-05
9.165985385828829852e-05
9.032848786889323997e-05
8.900896730465541399e-05
8.770123278972170942e-05
8.640672789931140856e-05
8.512528791283122630e-05
8.385818333457886427e-05
8.260511425444447362e-05
8.136715101339323257e-05
8.014383158751152013e-05
7.893600320429669580e-05
7.774302036752321046e-05
7.656549127647109261e-05
7.540257428717669951e-05
7.425463299661222308e-05
7.312062906265028223e-05
7.200068975716771165e-05
7.089359510627503652e-05
6.979926155050850589e-05
6.871632127515827563e-05
6.764452529671550010e-05
6.658241258405466964e-05
6.552963537323142009e-05
6.448471519277180065e-05
6.344729246040412452e-05
6.241596579798830066e-05
6.139046697901420736e-05
6.036957896845208986e-05
5.935323611584184336e-05
5.834051526544232027e-05
5.733165985253743473e-05
5.632613737524698368e-05
5.532458498196728635e-05
5.432692586700625344e-05
5.333423338237857568e-05
5.234689891653862071e-05
5.136641196919358401e-05
5.039357326615965046e-05
4.943019006961473004e-05
4.847733110021253811e-05
4.753693995509752131e-05
4.661013303783961105e-05
4.569873928807752835e-05
4.480364842729902164e-05
4.392629155714598577e-05
4.306705345741835525e-05
4.222671432990306829e-05
4.140494446510327155e-05
4.060172984757191828e-05
3.981596722134414528e-05
3.904689223893682571e-05
3.829278473795977257e-05
3.755240508522441327e-05
3.682380186009104512e-05
3.610574019376110925e-05
3.539657946701585243e-05
3.469565199161735798e-05
3.400215512860901856e-05
3.331642110798857179e-05
3.263876031340921124e-05
3.197056903805334515e-05
3.131308378854019627e-05
3.066831544263273345e-05
3.003773399721000061e-05
2.942309066422138603e-05
2.882513114201748874e-05
2.824443926218595048e-05
2.768032761057702586e-05
2.713184963310971866e-05
2.659697863015830224e-05
2.607383843095226577e-05
2.556012887633854510e-05
2.505443267573212386e-05
2.455564572028059474e-05
2.406405587082094849e-05
2.358046417318199875e-05
2.310679397949330931e-05
2.264481042490037075e-05
2.219638341540756629e-05
2.176215814986803121e-05
2.134200938395916552e-05
2.093425759932853578e-05
2.053679057148671469e-05
2.014698690367982441e-05
1.976322249536523458e-05
1.938476799420059608e-05
1.901267559960533653e-05
1.864871285460935137e-05
1.829517626941078723e-05
1.795320436611922102e-05
1.762269219359397911e-05
1.730161566093289512e-05
1.698742643798864527e-05
1.667772654209464443e-05
1.637201696814810355e-05
1.607143322784023161e-05
1.577850071833713103e-05
1.549497512851557061e-05
1.522098036820409130e-05
1.495424851906574864e-05
1.469195076126688283e-05
1.443222012106045285e-05
1.417592706952763199e-05
1.392552644372425405e-05
1.368328147374079040e-05
1.344873297708525065e-05
1.321925467970666374e-05
1.299197762160042979e-05
1.276676135624106251e-05
1.254579835487593792e-05
1.233135801319973826e-05
1.212281226467157157e-05
1.191767516111385335e-05
1.171440443140145434e-05
1.151447891112284422e-05
1.131971204307899511e-05
1.112940861613237985e-05
1.094079176096559479e-05
1.075342265726494233e-05
1.056985017059580688e-05
1.039174961092883191e-05
1.021684867337019661e-05
1.004290289187498379e-05
9.871079961829915122e-06
9.703088808782061667e-06
9.537157727663436442e-06
9.372016577801388571e-06
9.209983190124253089e-06
9.052303696527816288e-06
8.896245880251407042e-06
8.741256180147656825e-06
8.589171908344408701e-06
8.438710442150224429e-06
8.288529220011427363e-06
8.141165227174541560e-06
7.996668928748401010e-06
7.853606963261532885e-06
7.713124976640487214e-06
7.574289698471728907e-06
7.436028311113085181e-06
7.299672279192350692e-06
7.164036923865924893e-06
7.030139269736794018e-06
6.899132788885791137e-06
6.769733480353084905e-06
6.642362528163862489e-06
6.515903631156030976e-06
6.390589891492268577e-06
6.266230333759436247e-06
6.142621319126976382e-06
6.021157017144997943e-06
5.901755671454339792e-06
5.784596334209948233e-06
5.668616478786532860e-06
5.553803515727360136e-06
5.439831142800187460e-06
5.326634372553899961e-06
5.214308740456288323e-06
5.104129582437804991e-06
4.996020209123711745e-06
4.889842334588224366e-06
4.784899358337685062e-06
4.680891622231179686e-06
4.577773625749264133e-06
4.475309009311622702e-06
4.373921035666511515e-06
4.274736578320439594e-06
4.177553184744252314e-06
4.082057684373652149e-06
3.987716480824265144e-06
3.894303414349579842e-06
3.801820228339115853e-06
3.709956403735514691e-06
3.619447494010914168e-06
3.531073537541317573e-06
3.444597452037011623e-06
3.359506059072212777e-06
3.275532741989243737e-06
3.192623144545540708e-06
3.110658626775984011e-06
3.029291858725728783e-06
2.949432845628076742e-06
2.871631236011421792e-06
2.795612296700584439e-06
2.720767354657970760e-06
2.646966735840258754e-06
2.574372734762986799e-06
2.502711994052224957e-06
2.431713068368980171e-06
2.362350590756273523e-06
2.294858767640524486e-06
2.228977485936554299e-06
2.164190944823059945e-06
2.100467212005496515e-06
2.038087466548661860e-06
1.976572170417480841e-06
1.915878137889594175e-06
1.856944745782395397e-06
1.799568568499384163e-06
1.743609637776085931e-06
1.688805048510812459e-06
1.635033676092201433e-06
1.582675035501762277e-06
1.531184350540791183e-06
1.480667461698111093e-06
1.431872784742694539e-06
1.384437632366848872e-06
1.338272148471976435e-06
1.293305487162622351e-06
1.249490556532736825e-06
1.207159775255066762e-06
1.165682180922015123e-06
1.125405834157249595e-06
1.086555243433860082e-06
1.048891439916869963e-06
1.012141578081313749e-06
9.763744985919728096e-07
9.415309007222932340e-07
9.077115107398199023e-07
8.742809805201022367e-07
8.416042865860947088e-07
8.096120739737140407e-07
7.782090360260328979e-07
7.471825128757379453e-07
7.167087276655057974e-07
6.869093806106991899e-07
6.578177053079525227e-07
6.290462122000805723e-07
6.009812003993498139e-07
5.734461485997780935e-07
5.464981553574815278e-07
5.200476596631962843e-07
4.942456324737973082e-07
4.692598642341016334e-07
4.450065031908375349e-07
4.212903151771760127e-07
3.983876675743028602e-07
3.760541328387186730e-07
3.544496918023920792e-07
3.336119371512829096e-07
3.135972752596817899e-07
2.945780334626987286e-07
2.764159611185662914e-07
2.589728009083160338e-07
2.423052160146200145e-07
2.261878864537591996e-07
2.107339944225905253e-07
1.959855283868314508e-07
1.819460291205669934e-07
1.687494805741567225e-07
1.562832941520291841e-07
1.445364931551653778e-07
1.334300271578299152e-07
1.229133748941903058e-07
1.130030197158857497e-07
1.036958105676328727e-07
9.492042094254497183e-08
8.673675296936657212e-08
7.907456549319461682e-08
7.188652345574417533e-08
6.505556684794161273e-08
5.863943282308878027e-08
5.272435809298458146e-08
4.733309391478550890e-08
4.237994743355481258e-08
3.784239052412199226e-08
3.366634142070039813e-08
2.975695469005632967e-08
2.604611203414737861e-08
2.257562780359043727e-08
1.937911991640972267e-08
1.643327683674856862e-08
1.373351452528269090e-08
1.138255159609442977e-08
9.382038122724118651e-09
7.560793707481891082e-09
5.850215886134274578e-09
4.218846684612182763e-09
2.701647751352062465e-09
1.327640929194567191e-09
6.263125923861627843e-11
-1.022092303204851564e-09
-1.898356102736004975e-09
-2.690078274804384346e-09
-3.379214704034998408e-09
-3.974524740324864498e-09
-4.465544378665163693e-09
-4.889004753212188649e-09
-5.317026932940801163e-09
-5.715975104431236354e-09
-6.111965391679519383e-09
-6.442209726530045226e-09
-6.600049635259184534e-09
-6.619974852564600839e-09
-6.598950914167391313e-09
-6.595306415261148675e-09
-6.675730535177108539e-09
-6.754545758734376170e-09
-6.814404156110159475e-09
-6.842607490503403506e-09
-6.784225469996829556e-09
-6.628572915248897252e-09
-6.446431132304978386e-09
-6.327537121733049926e-09
-6.271298158901343796e-09
-6.166537976602780168e-09
-6.030355048735867766e-09
-5.896731524100283749e-09
-5.778230282034267721e-09
-5.622951530715788229e-09
-5.472482533333381952e-09
-5.339232030678789915e-09
-5.189394683125587732e-09
-5.018133314875041032e-09
-4.860754869082166775e-09
-4.675042535748642543e-09
-4.522658710087612919e-09
-4.428672507682925640e-09
-4.309664524237265422e-09
-4.164600014320347087e-09
-4.018070833738387086e-09
-3.870779716054517368e-09
-3.744444161688910356e-09
-3.566594533305408663e-09
-3.427603933403616573e-09
-3.341656513350904300e-09
-3.228390120481127093e-09
-3.110624396128449710e-09
-3.009744371772793861e-09
-2.935785872353466836e-09
-2.821001505239548675e-09
-2.694582326637223626e-09
-2.559439358437069991e-09
-2.450241622366567236e-09
-2.355716232262101333e-09
-2.287431228199382209e-09
-2.244398348004739566e-09
-2.207216687927437447e-09
-2.121836237583583319e-09
-2.026616780009804060e-09
-1.892020901142266658e-09
-1.780165361790928408e-09
-1.715126358634141142e-09
-1.690578423400821113e-09
-1.691785633797006731e-09
-1.666535000045130328e-09
-1.610258276889843879e-09
-1.520129798481466319e-09
-1.401074656395743576e-09
-1.307851842197994575e-09
-1.266534737931594957e-09
-1.267661603564919557e-09
-1.283911242393619887e-09
-1.274871108882465288e-09
-1.224134973500328502e-09
-1.139269654379007131e-09
-1.048680754970498287e-09
-9.810514329759239077e-10
-9.534503861453765312e-10
-9.648664794501887978e-10
-9.821908138755382316e-10
-9.777479446502557389e-10
-9.222378763753187284e-10
-8.507787600715338456e-10
-7.888529934144813195e-10
-7.411130623876290462e-10
-7.195014178715458573e-10
-7.311852382533078694e-10
-7.470916019279388517e-10
-7.298802450845348827e-10
-6.752576406916784351e-10
-6.208557027431264762e-10
-5.800644769822940222e-10
-5.441455072332647782e-10
-5.231740804148826122e-10
-5.325692971912176916e-10
-5.425212892480806862e-10
-5.134075958912045232e-10
-4.653537887637894099e-10
-4.270535343015796333e-10
-4.009581425596241879e-10
-3.699982706705008285e-10
-3.474548404933421772e-10
-3.568187917273779584e-10
-3.565509860509561995e-10
-3.259963661098321059e-10
-2.841276805213136082e-10
-2.552921456499701899e-10
-2.369616165137500692e-10
-2.085990258401684677e-10
-1.891676874969771370e-10
-1.974281662811744823e-10
-1.861103294154999498e-10
-1.614621962264513993e-10
-1.307012576438130952e-10
-1.095735516280356174e-10
-9.798588539983135733e-11
-7.433993398857041831e-11
-6.396791456963672451e-11
-7.193140263303818105e-11
-5.710484391143738420e-11
-4.248839841355194521e-11
-2.574112129679572286e-11
-1.241573787813746552e-11
-9.443326121059363357e-12
4.747879517755122741e-12
4.326104249274261643e-12
-3.713281543672636387e-12
3.464751918290959442e-12
9.033193906483317678e-12
1.291988164424985419e-11
1.564478719551450450e-11
1.173034389690233231e-11
1.690721686707944164e-11
7.055508207047402179e-12
3.836003013424440811e-13
-1.292243029005748823e-12
-4.751377943245435498e-13
-4.130829630302651278e-12
-6.658991110530364134e-12
-1.103525806352562527e-11
-9.502261772961548038e-12
-1.855901425184976945e-11
-2.121417109110122742e-11
-2.202723651182055126e-11
-1.920872698409663137e-11
-1.939911062079478348e-11
-1.885938249057162634e-11
-1.706432730024207383e-11
-1.286554308813179907e-11
-1.503092604943697939e-11
-1.149506114404554152e-11
-8.642105042353420227e-12
-3.916650521955956542e-12
-1.437494260928637346e-12
8.583526177477651143e-14
2.827601091954115980e-12
4.370841435218998575e-12
1.860684747521651794e-12
2.895629793928410028e-12
1.822932400718451559e-12
1.313120394520475107e-12
1.226682927492162154e-13
-2.256705059118909708e-12
-2.732075696336083598e-12
-4.081541094132903864e-12
-6.157556382362976360e-12
-5.445604173364641439e-12
-4.996572113894369222e-12
-3.814474948650713357e-12
-2.350398289304759041e-12
-1.482797608444566846e-12
6.128569472101475231e-13
8.954663308779349509e-13
1.134801601876020069e-12
1.251123988257411991e-12
9.789624832114594182e-13
1.515916808617462268e-14
-8.575458365621442336e-13
-1.864568455811625899e-12
-1.820101940219339499e-12
-2.322312842848357636e-12
-1.837555542251136361e-12
-1.036216707114702945e-12
1.357928653081298708e-14
5.970079549419189040e-13
7.941372159103311611e-13
5.896012711480021062e-13
2.581306142341057799e-13
-7.094949253205065921e-13
-1.108083485847921048e-12
-1.219804368278409116e-12
-8.114441222640722370e-13
-2.606192002655678875e-13
2.009084963241521016e-13
5.378920808773784924e-13
4.226416345708054133e-13
-1.820000214775397353e-13
-5.351405574170619750e-13
-7.246173023522846207e-13
-5.036881515951265204e-13
-2.509863859756078586e-14
2.375740603456741711e-13
3.351619956024242787e-13
1.418873399884367012e-14
-4.031775335324812001e-13
-4.563856590381381227e-13
-2.132276206303904276e-13
1.197484023092378340e-13
2.686693086235838207e-13
-6.211735946556181350e-15
-2.292947855939510622e-13
-3.256995017605841907e-13
-5.583324197766925729e-14
1.650067577355266052e-13
1.261726723901298153e-13
-1.650871259248814145e-13
-2.241398764331547022e-13
-5.543109904541614972e-14
1.726053701781628310e-13
1.985417943658143380e-14
-1.620088299169972212e-13
-1.302513377406085992e-13
1.017936734765986991e-13
6.631931000196524781e-14
-1.101664786662990847e-13
-1.136660428198850275e-13
9.561865369724544910e-14
3.004255091209758161e-14
-1.077325628330753266e-13
-3.760379147483564097e-14
9.686984643551793603e-14
-5.297219682531793794e-14
-7.191493095816781245e-14
6.173566269859092928e-14
5.543412677342752208e-15
-8.932362780615612053e-14
6.572173230135180812e-14
-1.041984463210053393e-14
-5.630174950471953503e-14
5.400469499214916538e-14
-2.412510013028792858e-14
-3.183759765076164374e-14
5.932160273178925022e-14
-7.000058660712579319e-14
5.072198812714319151e-14
-2.820307032608094229e-14
1.205850421505386405e-15
1.573204556122756591e-14
-2.707532056856119170e-14
3.074112619042701133e-14
-2.977953070317961395e-14
2.761419302064162258e-14
-2.227480417318139145e-14
2.008455240458349850e-14
-1.426199705422527702e-14
1.388280417576460889e-14
-8.458680958072764141e-15
9.866462217529343837e-15
-4.708370873732412806e-15
7.466885700992657713e-15
-2.321879337867688753e-15
6.053640723980820268e-15
-7.594967701249621794e-16
5.208642478567532445e-15
3.090611362161986212e-16
4.690590537956493161e-15
1.072641606938668785e-15
4.364997211263607889e-15
1.639229007828981026e-15
4.156238217553822985e-15
2.072494825493738374e-15
4.020604991734993640e-15
2.411629461268265287e-15
3.931980747667288121e-15
2.681873544199527146e-15
3.874241818113955934e-15
2.900193304959220323e-15
3.837138306857222503e-15
3.078435552713702022e-15
3.813989666455270420e-15
3.225148570058761280e-15
3.800350973478390790e-15
3.346674626733870873e-15
3.793215108468378263e-15
3.447830538232564793e-15
3.790520809665613462e-15
3.532346730373534805e-15
3.790841013758074681e-15
3.603159751140560346e-15
3.793180680762542647e-15
3.662612904724802756e-15
3.796842925193578429e-15
3.712597521237820650e-15
3.801338802223580157e-15
3.754654789859029282e-15
3.806325594875088283e-15
3.790050718484887707e-15
3.811564059953969979e-15
3.819832349899717595e-15
3.816888491699192052e-15
3.844870624128991442e-15
3.822185577081460675e-15
3.865893541528648691e-15
3.827379354277937076e-15
3.883512154844177367e-15
3.832420453422928190e-15
3.898241176167278862e-15
3.837278369533289579e-15
3.910515478585738367e-15
3.841935897812811566e-15
3.920703428703388144e-15
3.846385121683538686e-15
3.929117743369023617e-15
3.850624521002832539e-15
3.936024391324415820e-15
3.854656890955961339e-15
3.941649936186329730e-15
3.858487850451135847e-15
3.946187626493130646e-15
3.862124778629203168e-15
3.949802470817559623e-15
3.865576063189783438e-15
3.952635484244287321e-15
3.868850575439454333e-15
3.954807255434750480e-15
3.871957309561239115e-15
3.956420952578514469e-15
3.874905140820890014e-15
3.957564863898048358e-15
3.877702669121357447e-15
3.958314550601862405e-15
3.880358123378201523e-15
3.958734675589824479e-15
3.882879308888883719e-15
3.958880559875054735e-15
3.885273584467376369e-15
3.958799509960119576e-15
3.887547859869652788e-15
3.958531951582500432e-15
3.889708606581709607e-15
3.958112399654629892e-15
3.891761877012258359e-15
3.957570289038594784e-15
3.893713328499853301e-15
3.956930687093811242e-15
3.895568249898717983e-15
3.956214905475771825e-15
3.897331588650098335e-15
3.955441025765956378e-15
3.899007977603723568e-15
3.954624351691352847e-15
3.900601760606723173e-15
3.953777798309115824e-15
3.902117016380477530e-15
3.952912227135759024e-15
3.903557580872049751e-15
3.952036735051540244e-15
3.904927067359996384e-15
3.951158903287595469e-15
3.906228884793993486e-15
3.950285012208341806e-15
3.907466254329328062e-15
3.949420226585855113e-15
3.908642224071968983e-15
3.948568755487795703e-15
3.909759682212500738e-15
3.947733990214339846e-15
3.910821368759870093e-15
3.946918623357289560e-15
3.911829885941824511e-15
3.946124751535998413e-15
3.912787707428699046e-15
3.945353964031210356e-15
3.913697186539058344e-15
3.944607419188249987e-15
3.914560563496661608e-15
3.943885910310819306e-15
3.915379971930095858e-15
3.943189922445363197e-15
3.916157444621808036e-15
3.942519681211957059e-15
3.916894918680587077e-15
3.941875194816414857e-15
3.917594240137915614e-15
3.941256290216337558e-15
3.918257168097857968e-15
3.940662643999821341e-15
3.918885378486967257e-15
3.940093808943980106e-15
3.919480467410405769e-15
3.939549236663648513e-15
3.920043954217874164e-15
3.939028296899790786e-15
3.920577284256104949e-15
3.938530293932905162e-15
3.921081831414394345e-15
3.938054480454945695e-15
3.921558900395571113e-15
3.937600069238032067e-15
3.922009728797322438e-15
3.937166242933306626e-15
3.922435489029788568e-15
3.936752162189136668e-15
3.922837289997004059e-15
3.936356972330553549e-15
3.923216178676445796e-15
3.935979808786807409e-15
3.923573141472685967e-15
3.935619801432093235e-15
3.923909105473822655e-15
3.935276077944040176e-15
3.924224939515588515e-15
3.934947766364773721e-15
3.924521455130782739e-15
3.934633996883605654e-15
3.924799407321154883e-15
3.934333903036927784e-15
3.925059495201150081e-15
3.934046622283499013e-15
3.925302362510761712e-15
3.933771296132456161e-15
3.925528597964693077e-15
3.933507069797631174e-15
3.925738735469522121e-15
3.933253091498102869e-15
3.925933254218583262e-15
3.933008511423361312e-15
3.926112578629711275e-15
3.932772480384975711e-15
3.926277078181159803e-15
3.932544148237638039e-15
3.926427067127945903e-15
3.932322662085093757e-15
3.926562804110572678e-15
3.932107164321077539e-15
