# bin_5_4
2.499592341334834988e-04
2.503940977337104764e-04
2.499691421364391795e-04
2.503778346205690866e-04
2.499779746373520213e-04
2.503619608168445405e-04
2.499857442209780156e-04
2.503464071346518703e-04
2.499924590072137359e-04
2.503311040489988133e-04
2.499981226689385657e-04
2.503159815248252613e-04
2.500027344579324427e-04
2.503009688622360573e-04
2.500062892461093144e-04
2.502859945668094903e-04
2.500087775876606790e-04
2.502709862531020553e-04
2.500101858105287472e-04
2.502558705867913053e-04
2.500104961459045797e-04
2.502405732781466229e-04
2.500096869049685450e-04
2.502250191345958418e-04
2.500077327154681672e-04
2.502091321854401544e-04
2.500046048289652459e-04
2.501928358903529126e-04
2.500002715125907360e-04
2.501760534451759224e-04
2.499946985381267753e-04
2.501587081976617004e-04
2.499878497815862617e-04
2.501407241858130291e-04
2.499796879452567504e-04
2.501220268090144556e-04
2.499701754109035965e-04
2.501025436394761943e-04
2.499592752298537292e-04
2.500822053755490278e-04
2.499469522478233677e-04
2.500609469310298731e-04
2.499331743540015400e-04
2.500387086432684760e-04
2.499179138303625632e-04
2.500154375686901818e-04
2.499011487608248034e-04
2.499910888136564337e-04
2.498828644379713355e-04
2.499656268278497673e-04
2.498630546793241276e-04
2.499390265549885346e-04
2.498417229348214854e-04
2.499112743074865693e-04
2.498188830326987867e-04
2.498823681935957199e-04
2.497945593770305498e-04
2.498523178939441930e-04
2.497687863778744774e-04
2.498211435552794859e-04
2.497416068719316069e-04
2.497888735533970728e-04
2.497130692870169733e-04
2.497555408857815270e-04
2.496832233262606974e-04
2.497211779972704636e-04
2.496521140160139164e-04
2.496858099366679510e-04
2.496197740868537221e-04
2.496494459041563260e-04
2.495862148581836455e-04
2.496120694918314191e-04
2.495514160830949362e-04
2.495736282499568361e-04
2.495153155822142361e-04
2.495340236202571579e-04
2.494777999327069985e-04
2.494931027312067792e-04
2.494386979305152942e-04
2.494506539773478260e-04
2.493977789158273429e-04
2.494064085853428905e-04
2.493547581991173933e-04
2.493600503324713293e-04
2.493093115499951337e-04
2.493112350167872257e-04
2.492610997961991069e-04
2.492596199625842467e-04
2.492098028282839603e-04
2.492049016397492392e-04
2.491551596557944263e-04
2.491468564310876719e-04
2.490970078231186081e-04
2.490853761116445055e-04
2.490353121207600543e-04
2.490204866358059497e-04
2.489701703443910415e-04
2.489523378728005767e-04
2.489017846127504160e-04
2.488811548965403145e-04
2.488303923717270836e-04
2.488071500250755110e-04
2.487561628850041380e-04
2.487304093593770832e-04
2.486790818268215454e-04
2.486507855130440413e-04
2.485988639510067037e-04
2.485678427130933658e-04
2.485149426555064139e-04
2.484809006019234739e-04
2.484265737431035331e-04
2.483891975070845362e-04
2.483330499464152718e-04
2.482921389076377257e-04
2.482339570128680884e-04
2.481895271298774591e-04
2.481293387030501806e-04
2.480816241399484224e-04
2.480196276447444847e-04
2.479689361690317218e-04
2.479052923314503665e-04
2.478517596001764828e-04
2.477863472132581474e-04
2.477297438232550775e-04
2.476620673205496897e-04
2.476018470221153867e-04
2.475312405479324291e-04
2.474668820574269412e-04
2.473929296205326579e-04
2.473243415141981524e-04
2.472471532761858241e-04
2.471747197911371911e-04
2.470946901517246178e-04
2.470187635184388475e-04
2.469359122592267031e-04
2.468561981175014584e-04
2.467698246922164079e-04
2.466854818770566633e-04
2.465947514342381203e-04
2.465053145780809769e-04
2.464101868580705415e-04
2.463160936175456321e-04
2.462171356961630371e-04
2.461187931294994994e-04
2.460158420945846372e-04
2.459125209645985407e-04
2.458044544041615084e-04
2.456952101212508412e-04
2.455816497877246363e-04
2.454668666351133470e-04
2.453485291311376646e-04
2.452286563273024063e-04
2.451051326796741783e-04
2.449790178266856981e-04
2.448490322517704815e-04
2.447161648256302151e-04
2.445801780992425947e-04
2.444414074592463288e-04
2.442995477039823331e-04
2.441538613720925684e-04
2.440046253935043751e-04
2.438513440480355920e-04
2.436952933726517913e-04
2.435352587259730106e-04
2.433720557494575137e-04
2.432037438932655316e-04
2.430321950518984475e-04
2.428559504518148723e-04
2.426769352091257361e-04
2.424923348483674532e-04
2.423041696052903322e-04
2.421103938060008818e-04
2.419138350979223046e-04
2.417112160573784536e-04
2.415048249909124958e-04
2.412921192237175614e-04
2.410764290832709288e-04
2.408539722949851311e-04
2.406275061612611372e-04
2.403943084496049174e-04
2.401577108762788335e-04
2.399134220223609238e-04
2.396651159377936977e-04
2.394096833848095407e-04
2.391498940621892156e-04
2.388819352735592884e-04
2.386101283870970360e-04
2.383298763685398993e-04
2.380448401740888563e-04
2.377517367292967035e-04
2.374534535430033295e-04
2.371463424262411530e-04
2.368344577622208456e-04
2.365129074398415049e-04
2.361864463724023568e-04
2.358501842888008403e-04
2.355083234696716708e-04
2.351567407598815585e-04
2.347989078207388949e-04
2.344312223828110377e-04
2.340568573484634466e-04
2.336723024582411325e-04
2.332807585907438128e-04
2.328786066570639416e-04
2.324691693334274745e-04
2.320486984630847310e-04
2.316206167498996134e-04
2.311810878274156498e-04
2.307335889021066330e-04
2.302742384577087498e-04
2.298065309860686332e-04
2.293265710045987399e-04
2.288378451138937334e-04
2.283364645461187666e-04
2.278258915401949899e-04
2.273022579130002285e-04
2.267689904667773290e-04
2.262222513871956094e-04
2.256654242448488884e-04
2.250947089108463225e-04
2.245134400075396777e-04
2.239178608506119767e-04
2.233112528076563910e-04
2.226899073578818722e-04
2.220570493379324807e-04
2.214090223768088958e-04
2.207489923095568929e-04
2.200733583629468394e-04
2.193852255657665598e-04
2.186810517838488584e-04
2.179638800103532708e-04
2.172302294801496778e-04
2.164830804352840918e-04
2.157190159719060750e-04
2.149409533364358342e-04
2.141455418007299897e-04
2.133356358113834041e-04
2.125079530035184567e-04
2.116652856378480507e-04
2.108044218182617534e-04
2.099280926356184007e-04
2.090331587263741285e-04
2.081222914180899197e-04
2.071924259388367771e-04
2.062461756417560937e-04
2.052805524349505541e-04
2.042981138625778420e-04
2.032959506621156358e-04
2.022765671066254801e-04
2.012371350022754970e-04
2.001801082581625504e-04
1.991027421048082065e-04
1.980074433606576929e-04
1.968915531759499616e-04
1.957574349142227619e-04
1.946025183003004288e-04
1.934291272356196173e-04
1.922347828495116998e-04
1.910217739231237066e-04
1.897877160056261447e-04
1.885348674367051691e-04
1.872609413901419391e-04
1.859681707626503636e-04
1.846543697431348970e-04
1.833217510790796699e-04
1.819682335376777386e-04
1.805960152727998605e-04
1.792031233413131136e-04
1.777917470763774649e-04
1.763600256461136766e-04
1.749101454948662269e-04
1.734403617795862349e-04
1.719528640718746349e-04
1.704460273778518988e-04
1.689220504021932221e-04
1.673794317478805005e-04
1.658203851308521039e-04
1.642435362650673249e-04
1.626511194844990754e-04
1.610418907447316958e-04
1.594181101594277603e-04
1.577786664907544518e-04
1.561258501416967184e-04
1.544586844626836923e-04
1.527794937607166890e-04
1.510874367175605779e-04
1.493848739831542586e-04
1.476710989808013277e-04
1.459485096473315451e-04
1.442165318923006195e-04
1.424776000326069460e-04
1.407312681755188246e-04
1.389800038728248319e-04
1.372234827116596901e-04
1.354641996849239129e-04
1.337019422998735323e-04
1.319392241299331442e-04
1.301759317898328527e-04
1.284145851018378371e-04
1.266551533393100938e-04
1.249001464109673616e-04
1.231495958440582527e-04
1.214059813670676543e-04
1.196693721916038263e-04
1.179421933607850421e-04
1.162245229981117547e-04
1.145187027894796104e-04
1.128247870004430613e-04
1.111450014780102536e-04
1.094793403970547273e-04
1.078298782065492982e-04
1.061965102525788750e-04
1.045811221535987803e-04
1.029834706605835726e-04
1.014052150255862400e-04
9.984593469462332610e-05
9.830702732731100648e-05
9.678786016564528815e-05
9.528953945776124626e-05
9.381119258930125054e-05
9.235361374126683500e-05
9.091567408469158180e-05
8.949784853109945659e-05
8.809875143966226687e-05
8.671854925786990471e-05
8.535561922616948438e-05
8.400985250444801752e-05
8.267943322593229998e-05
8.136403630313218780e-05
8.006172382025613765e-05
7.877204105222800697e-05
7.749302653976315606e-05
7.622420889381939112e-05
7.496372594157653911e-05
7.371122362020824693e-05
7.246507833840716377e-05
7.122519774893302906e-05
6.999033904680479067e-05
6.876080981364707451e-05
6.753587359831746129e-05
6.631634764739388426e-05
6.510208616206729598e-05
6.389447101954320179e-05
6.269396309276546806e-05
6.150248260492631295e-05
6.032102044636632106e-05
5.915190719626557502e-05
5.799648002853293306e-05
5.685724411886117436e-05
5.573559674014290301e-05
5.463389170325973053e-05
5.355323016815546373e-05
5.249544701935344326e-05
5.146098625696278174e-05
5.045083563242421816e-05
4.946451041647573367e-05
4.850196577866341073e-05
4.756171233725123846e-05
4.664273051366337998e-05
4.574273057596114737e-05
4.486007626342235617e-05
4.399217913964337425e-05
4.313741039942110226e-05
4.229358741213954943e-05
4.145981957965493334e-05
4.063501483728320301e-05
3.981958267403352676e-05
3.901387845228101704e-05
3.821969455213721330e-05
3.743859043565330070e-05
3.667315704849124255e-05
3.592525796286972616e-05
3.519714709143004829e-05
3.448974838151247648e-05
3.380380045575381897e-05
3.313836814384106175e-05
3.249220480332935872e-05
3.186263972281141391e-05
3.124722300419562949e-05
3.064293415234556778e-05
3.004792433486747893e-05
2.946073205310030052e-05
2.888172753090854754e-05
2.831192777847650569e-05
2.775382960277468082e-05
2.720970416284632502e-05
2.668197962316767099e-05
2.617147391718296017e-05
2.567802542265649007e-05
2.519943621496409370e-05
2.473296864948356039e-05
2.427520829163314845e-05
2.382405855706666044e-05
2.337856966910949094e-05
2.294012609150120703e-05
2.251102402311773898e-05
2.209426383198451755e-05
2.169132335770889127e-05
2.130208223758119291e-05
2.092391182957665678e-05
2.055352266180945662e-05
2.018780885073529299e-05
1.982615185274231453e-05
1.947004282468018128e-05
1.912279348840882658e-05
1.878669713931908404e-05
1.846193899252586282e-05
1.814558078244561421e-05
1.783397286823920559e-05
1.752470644964620832e-05
1.721894964283788063e-05
1.691991801099794997e-05
1.663059016413881257e-05
1.635038819404661766e-05
1.607592595096715747e-05
1.580348632802799691e-05
1.553291340024250583e-05
1.526707643143622076e-05
1.500896413904350725e-05
1.475779093381184763e-05
1.451036641032983541e-05
1.426470623107521677e-05
1.402275466955728459e-05
1.378687522428005873e-05
1.355618797382684075e-05
1.332710736144922538e-05
1.309910527370352147e-05
1.287552357285641740e-05
1.265857104657805893e-05
1.244530769608874539e-05
1.223283672812788105e-05
1.202268392001257019e-05
1.181708952579785752e-05
1.161376747740499118e-05
1.141110375900222227e-05
1.121213832802551083e-05
1.101851606997619890e-05
1.082669124875487708e-05
1.063595948304860613e-05
1.044871753748303747e-05
1.026331506792113581e-05
1.007801667581516200e-05
9.896147238107231450e-06
9.717793738229936723e-06
9.541110346568124539e-06
9.367584643637186660e-06
9.196020576000499557e-06
9.025037165798741078e-06
8.856371751772556880e-06
8.688482246137139807e-06
8.522710909007305048e-06
8.360566477259841219e-06
8.200388457354022747e-06
8.042726584480231223e-06
7.886152862454797702e-06
7.730987553679723851e-06
7.576983340557394864e-06
7.423860359404569264e-06
7.273437335724898539e-06
7.125602208411118005e-06
6.980593437452777586e-06
6.837043253810973085e-06
6.694967612060106406e-06
6.553965652682997156e-06
6.413943326911617887e-06
6.274998058990604612e-06
6.138776815977879060e-06
6.005156801739913783e-06
5.873971492298630288e-06
5.744345051972304300e-06
5.615928144978750289e-06
5.488687417277627810e-06
5.362295447050076159e-06
5.237259857443167841e-06
5.115013950972410912e-06
4.995268013880778066e-06
4.877641803825102228e-06
4.761487838967651493e-06
4.646557976479141691e-06
4.532876978518769952e-06
4.420010260992956800e-06
4.308859341813095034e-06
4.200387614841735406e-06
4.094276397018415084e-06
3.989901067229215870e-06
3.886968886400197034e-06
3.785450413025644791e-06
3.685211058260309718e-06
3.585766939760449313e-06
3.488228887264739493e-06
3.393247380955738932e-06
3.300475563305762347e-06
3.209185705718294782e-06
3.119260273250940424e-06
3.030937920153517078e-06
2.943880034774714636e-06
2.857701097665369191e-06
2.773575476510211552e-06
2.691744843656612456e-06
2.611900905926879920e-06
2.533446784654134374e-06
2.456379201249903667e-06
2.381080349303048198e-06
2.306955086540222388e-06
2.233912324274816594e-06
2.163069525578997395e-06
2.094138296344300678e-06
2.026982941790557539e-06
1.961332104442148402e-06
1.897062638350478737e-06
1.834671320175047327e-06
1.773482495280689534e-06
1.713581895291932302e-06
1.655818108467298051e-06
1.599712723252707410e-06
1.545170953067521259e-06
1.492118400283673997e-06
1.440474421423446041e-06
1.390633448206238619e-06
1.341790475593326544e-06
1.294303907968304270e-06
1.248362126268182939e-06
1.203672422425067314e-06
1.159929578119842075e-06
1.117241287811393428e-06
1.075534861839562382e-06
1.034966901150601761e-06
9.947924642921814417e-07
9.554262184044093345e-07
9.167540231882072620e-07
8.787080386602974284e-07
8.410901497132059047e-07
8.041461475136462422e-07
7.680290508057210567e-07
7.328326628282495679e-07
6.981342180513136462e-07
6.643727398382094536e-07
6.313355288253733796e-07
5.991355152758400776e-07
5.677061716642821210e-07
5.372282289033737984e-07
5.078692211170329416e-07
4.795478469512190033e-07
4.520150678133743919e-07
4.255234987154004254e-07
3.997717900619007647e-07
3.749529394437324233e-07
3.511208631767068395e-07
3.283466654078102835e-07
3.068113069985097602e-07
2.863956182054816264e-07
2.669367310944598241e-07
2.484519393178372788e-07
2.306820272076020506e-07
2.137380037301338397e-07
1.976382228524139066e-07
1.823636358513397959e-07
1.680368680011769345e-07
1.545678388126579211e-07
1.419292183476092156e-07
1.300180879220913603e-07
1.188034832346617035e-07
1.083332087230726481e-07
9.860119732006793997e-08
8.950661985256093874e-08
8.106898507311660668e-08
7.321177956499651890e-08
6.584205411623017758e-08
5.883091642660521124e-08
5.225503327039299508e-08
4.622537191139074995e-08
4.076014438076017144e-08
3.577603523333504137e-08
3.126855543453738544e-08
2.720985345974149157e-08
2.345144180217439105e-08
1.989991923413140791e-08
1.656755241454576539e-08
1.348574546344466434e-08
1.063058011616156848e-08
8.007789176538158746e-09
5.760131757465092216e-09
3.928535334509842716e-09
2.295933254776078563e-09
7.802797551137572512e-10
-6.606878730680316522e-10
-1.971868503714812785e-09
-3.134349881592796985e-09
-4.218571624447917266e-09
-5.166214760125892957e-09
-5.944396134056074544e-09
-6.643211471524043458e-09
-7.173278242537263499e-09
-7.555673077764071554e-09
-7.822561747185385681e-09
-8.040634765573897707e-09
-8.313385024896224028e-09
-8.599725500907193225e-09
-8.906683548254133566e-09
-9.150356170163722956e-09
-9.181609924528233332e-09
-9.046818683654887926e-09
-8.869212653832880995e-09
-8.739108910212642834e-09
-8.733790845943053964e-09
-8.716557210891515946e-09
-8.658747114530524728e-09
-8.582912851820713209e-09
-8.455139822981441667e-09
-8.228804307628354821e-09
-7.976258427287152567e-09
-7.789960118147637346e-09
-7.653844540358342572e-09
-7.461276864277707645e-09
-7.239526301672965530e-09
-7.016116266932605936e-09
-6.829545778793263505e-09
-6.643203820642884391e-09
-6.463236760037950785e-09
-6.273438357460260976e-09
-6.054832627844438666e-09
-5.826550969392527124e-09
-5.630216063138558006e-09
-5.379980265579459156e-09
-5.172053345306949823e-09
-5.062317706970141934e-09
-4.917194790870576670e-09
-4.732986751384421594e-09
-4.559494249322545747e-09
-4.399531215748875291e-09
-4.245747722243923373e-09
-4.034402683102912875e-09
-3.852088389690976641e-09
-3.724638785532911046e-09
-3.584441366812645815e-09
-3.449525741104512584e-09
-3.342113678478803692e-09
-3.275916360544055210e-09
-3.140410604239910375e-09
-3.001140212442036667e-09
-2.825557559046566189e-09
-2.674465972975702644e-09
-2.565129486928983010e-09
-2.495396203223516968e-09
-2.463216182389829885e-09
-2.427632332224747814e-09
-2.335165754845739215e-09
-2.221951017832725334e-09
-2.055860628675547857e-09
-1.913037037089865581e-09
-1.840818522595276982e-09
-1.821401136281517967e-09
-1.835872005922379721e-09
-1.814742766108112752e-09
-1.752604824747809810e-09
-1.641804803958073434e-09
-1.503417074948497526e-09
-1.392791852368936578e-09
-1.346878923442764125e-09
-1.353069180458765772e-09
-1.379518546256882578e-09
-1.377459825379348403e-09
-1.316973446924923933e-09
-1.215544121938080114e-09
-1.116132848823814340e-09
-1.039169874071204801e-09
-1.006713050493555791e-09
-1.022173786487738309e-09
-1.049729446309452927e-09
-1.047942837751677019e-09
-9.826124190655032572e-10
-9.001045368632357676e-10
-8.341962680675961816e-10
-7.822181098895244156e-10
-7.567493830499351973e-10
-7.715015662352254130e-10
-7.961893389443509385e-10
-7.753023307004970115e-10
-7.141323128985750207e-10
-6.540120243879742585e-10
-6.118996165543707721e-10
-5.732944349305733866e-10
-5.480012091946396705e-10
-5.613718570341893151e-10
-5.761782297438581922e-10
-5.426397780539751514e-10
-4.897616261109792221e-10
-4.487650372819458975e-10
-4.225692740984934832e-10
-3.894498483018375329e-10
-3.628203597348937786e-10
-3.764092404705535528e-10
-3.773467421498788077e-10
-3.439222596665853886e-10
-2.981612172022758058e-10
-2.680225013957274298e-10
-2.500983957826660222e-10
-2.192241602876741245e-10
-1.974042233488831978e-10
-2.091086589753480503e-10
-1.964964840183605721e-10
-1.704567878557373028e-10
-1.374073641816402261e-10
-1.151292304480054034e-10
-1.041467313892216077e-10
-7.817044879929206315e-11
-6.692768988123190146e-11
-7.713344021189798323e-11
-6.044206198916185450e-11
-4.532320312218174877e-11
-2.762549788038239211e-11
-1.327570911722903607e-11
-1.111586314103508847e-11
4.822497650798117771e-12
4.101665129132784821e-12
-4.877619690372646192e-12
3.136611549936888691e-12
9.031812513653872425e-12
1.296865545026565341e-11
1.611960887254876614e-11
1.145091663859569071e-11
1.768765806257399457e-11
6.861928521856135677e-12
4.839510318274457533e-14
-1.728094548194857605e-12
-6.186677126881697766e-13
-4.664925996659444131e-12
-7.126513709673789425e-12
-1.195443535405405524e-11
-9.892082246625410949e-12
-1.970636558853342328e-11
-2.225307313608141878e-11
-2.320793391749840110e-11
-2.010358481004330246e-11
-2.044027312642807350e-11
-1.982037668215131981e-11
-1.802412378789294382e-11
-1.343203476164014453e-11
-1.587373775213541854e-11
-1.201546037542097353e-11
-9.127113015568816236e-12
-4.122990768051634818e-12
-1.599556557671724486e-12
-2.129317262898943680e-15
2.847469070627806872e-12
4.539139809295566401e-12
1.845601774955853220e-12
3.024910064372348679e-12
1.843589116196768825e-12
1.333548109967541751e-12
6.694647258501482872e-14
-2.419234219023028363e-12
-2.912326208007491020e-12
-4.285022061253568701e-12
-6.466734397682172036e-12
-5.680945245980834039e-12
-5.244590393345431129e-12
-4.002286187381786807e-12
-2.486555485800716243e-12
-1.579179451281353890e-12
6.102318514892773748e-13
9.214962099366871341e-13
1.174728882917553245e-12
1.304747827588901062e-12
1.003015191317265003e-12
2.233038347009778854e-16
-9.190914101388103990e-13
-1.965377891656697128e-12
-1.923060089403263160e-12
-2.429008457479811669e-12
-1.919481397111149073e-12
-1.077509930976049010e-12
3.920375635191448665e-15
6.173988097106414521e-13
8.159657158761676136e-13
6.064118658604151829e-13
2.528074870912671824e-13
-7.413744334275367398e-13
-1.159473466411317958e-12
-1.270959389252462825e-12
-8.547886118005263428e-13
-2.735039773059950360e-13
2.037208811607585444e-13
5.580425743608626078e-13
4.319862907210530563e-13
-1.871396165974164721e-13
-5.622858798100807700e-13
-7.554687908095028977e-13
-5.310626391770240441e-13
-2.662586783970949891e-14
2.454114452856692757e-13
3.492503254701102964e-13
1.000684052422235021e-14
-4.176393731476544466e-13
-4.796045159853269003e-13
-2.220206160520694264e-13
1.218045234146808991e-13
2.814310534628404697e-13
-7.406058309677619168e-15
-2.396224120231439801e-13
-3.420560172909034145e-13
-5.613781023524981187e-14
1.705586653967588813e-13
1.321932419678602160e-13
-1.739385922720954080e-13
-2.323935856894906459e-13
-5.826706087212658722e-14
1.803196440253674913e-13
1.976783187633798111e-14
-1.675157102503882424e-13
-1.366759102279314717e-13
1.072567054011007279e-13
6.835821996677512587e-14
-1.135109291641890317e-13
-1.190237991167381466e-13
1.006133257278373401e-13
3.123019920036914772e-14
-1.113023435104740792e-13
-3.958882787505956729e-14
1.024255401766291061e-13
-5.569705068302091401e-14
-7.365214987458340801e-14
6.423777807112975323e-14
6.872204931403503285e-15
-9.309380946478186306e-14
6.966670484168628299e-14
-1.089587113518603458e-14
-5.742925962724260648e-14
5.624586399879625515e-14
-2.385316754129486299e-14
-3.320082501920606481e-14
6.312421343223306371e-14
-7.292105681655055963e-14
5.412951397837304808e-14
-2.928147201175303918e-14
2.477514452802544612e-15
1.658081935489983243e-14
-2.703403615727192817e-14
3.227981361770700969e-14
-2.987753241122316564e-14
2.906481843270532896e-14
-2.207502804965089084e-14
2.125441721352883601e-14
-1.374077389968526296e-14
1.482409053113261548e-14
-7.708551356794327978e-15
1.066866379184140744e-14
-3.815591022598842256e-15
8.195884727213615592e-15
-1.343591558809495221e-15
6.748910210793339475e-15
2.700065147363864102e-16
5.892176225552106508e-15
1.369476965530944680e-15
5.374359119579400850e-15
2.151663566046203198e-15
5.055449074578707953e-15
2.729118625073901980e-15
4.856773406619083770e-15
3.168201538065542871e-15
4.732909992060290734e-15
3.509751118628673077e-15
4.656758800948330499e-15
3.780063417520085888e-15
4.611623289184069314e-15
3.996807864046385442e-15
4.586918205209251195e-15
4.172316221938829805e-15
4.575768955645151740e-15
4.315480932769054319e-15
4.573622575868387438e-15
4.432894197450009656e-15
4.577417133232185452e-15
4.529557623631068194e-15
4.585069817158902666e-15
4.609340118602095138e-15
4.595152833633745781e-15
4.675282989351248650e-15
4.606683322120799235e-15
4.729809243537100418e-15
4.618984389089854852e-15
4.774870982658537024e-15
4.631591573739707635e-15
4.812055663777205971e-15
4.644188962442215176e-15
4.842664326360551258e-15
4.656565011711421076e-15
4.867770262240091794e-15
4.668581687635900930e-15
4.888263749418214680e-15
4.680152729985080702e-15
4.904886660747266363e-15
4.691228243883129772e-15
4.918259586043448848e-15
4.701783725411309484e-15
4.928903330107191479e-15
4.711812222074603930e-15
4.937256123234304461e-15
4.721318723859675729e-15
4.943687521071896433e-15
4.730316153381036364e-15
4.948509717978614603e-15
4.738822505211238314e-15
4.951986817748543654e-15
4.746858814953905480e-15
4.954342475665835193e-15
4.754447728853529703e-15
4.955766231845202802e-15
4.761612507405686573e-15
4.956418784014201159e-15
4.768376342942070411e-15
4.956436395195337333e-15
4.774761903935568640e-15
4.955934591633042271e-15
4.780791041870135132e-15
4.955011275108284367e-15
4.786484614252641446e-15
4.953749349688951160e-15
4.791862389826761503e-15
4.952218944094128961e-15
4.796943010879002122e-15
4.950479296231938890e-15
4.801743994936859448e-15
4.948580354089049039e-15
4.806281762657863444e-15
4.946564138075440999e-15
4.810571681902909291e-15
4.944465902161799558e-15
4.814628122447214008e-15
4.942315124695668015e-15
4.818464515149635655e-15
4.940136354743895231e-15
4.822093413348973689e-15
4.937949935966872608e-15
4.825526553779875119e-15
4.935772626150931943e-15
4.828774915211516163e-15
4.933618127502057182e-15
4.831848774670858079e-15
4.931497541273486770e-15
4.834757759953047890e-15
4.929419757429995678e-15
4.837510898408077733e-15
4.927391788580074290e-15
4.840116662302918542e-15
4.925419056583541677e-15
4.842583010095233795e-15
4.923505638116978176e-15
4.844917424558483541e-15
4.921654475351162020e-15
4.847126947350650185e-15
4.919867556569720057e-15
4.849218210544578159e-15
4.918146070822073895e-15
4.851197465443137175e-15
4.916490540552243107e-15
4.853070608647785596e-15
4.914900934862552111e-15
4.854843205801100903e-15
4.913376766589328291e-15
4.856520513321831134e-15
4.911917175074693360e-15
4.858107498003643144e-15
4.910520996749174206e-15
4.859608855078915578e-15
4.909186825253471445e-15
4.861029024626642590e-15
4.907913062601503868e-15
4.862372206560296427e-15
4.906697962369978968e-15
4.863642374431990023e-15
4.905539666345437471e-15
4.864843288068726294e-15
4.904436235330886487e-15
4.865978505159429292e-15
4.903385674984364952e-15
4.867051391975737458e-15
4.902385957423880356e-15
4.868065133208131963e-15
4.901435039044139146e-15
4.869022741097647770e-15
4.900530875270956186e-15
4.869927063823270751e-15
4.899671432529167676e-15
4.870780793263405243e-15
4.898854697875427444e-15
4.871586472214537456e-15
4.898078686616768400e-15
4.872346501024492296e-15
4.897341448185281254e-15
4.873063143729865087e-15
4.896641070531643766e-15
4.873738533755147177e-15
4.895975683221425052e-15
4.874374679128878560e-15
4.895343459415434894e-15
4.874973467294106691e-15
4.894742616946956695e-15
4.875536669543457151e-15
4.894171418539261675e-15
4.876065945029004355e-15
4.893628171296546676e-15
4.876562844456833753e-15
4.893111225659088674e-15
4.877028813404957670e-15
4.892618973768332141e-15
4.877465195297677481e-15
4.892149847393763367e-15
4.877873234071208511e-15
4.891702315497098103e-15
4.878254076513349177e-15
4.891274881394081509e-15
4.878608774311071236e-15
4.890866079707714856e-15
4.878938285791790605e-15
4.890474473006381205e-15
4.879243477400162301e-15
4.890098648251001271e-15
4.879525124907020043e-15
4.889737213098735726e-15
4.879783914388401534e-15
4.889388792029630816e-15
4.880020442974092274e-15
4.889052022413552743e-15
