# bin_5_5
3.392547285717370542e-04
3.398549051345170903e-04
3.392683359315883649e-04
3.398322622067183958e-04
3.392804358798500266e-04
3.398101583362473938e-04
3.392910462010957119e-04
3.397884951300115825e-04
3.393001782830215997e-04
3.397671738504660205e-04
3.393078371522048804e-04
3.397460951507667512e-04
3.393140215198313923e-04
3.397251588403745869e-04
3.393187238488701860e-04
3.397042636870981156e-04
3.393219304494334422e-04
3.396833072670693392e-04
3.393236216150266409e-04
3.396621858728704956e-04
3.393237718115065687e-04
3.396407944941386039e-04
3.393223499337538231e-04
3.396190268839436818e-04
3.393193196444536821e-04
3.395967757277323809e-04
3.393146398142399571e-04
3.395739329327670327e-04
3.393082650798881863e-04
3.395503900553206028e-04
3.393001465409879562e-04
3.395260388850216554e-04
3.392902326114547416e-04
3.395007722030845285e-04
3.392784700454068263e-04
3.394744847298331318e-04
3.392648051476017303e-04
3.394470742706734239e-04
3.392491851782151731e-04
3.394184430640166499e-04
3.392315599475618474e-04
3.393884993220008307e-04
3.392118835870930479e-04
3.393571589399820899e-04
3.391901164615407252e-04
3.393243473298296711e-04
3.391662271663637481e-04
3.392900013040636405e-04
3.391401945205595810e-04
3.392540709058755599e-04
3.391120094321493721e-04
3.392165210387419771e-04
3.390816764664914126e-04
3.391773327035113562e-04
3.390492149030779846e-04
3.391365036024285577e-04
3.390146590146457008e-04
3.390940478213656448e-04
3.389780572591621259e-04
3.390499942609440424e-04
3.389394700414261529e-04
3.390043834662179894e-04
3.388989656949567466e-04
3.389572625148204021e-04
3.388566143666442649e-04
3.389086776852220277e-04
3.388124795834327753e-04
3.388586647610569518e-04
3.387666074575244424e-04
3.388072370556983104e-04
3.387190137722734360e-04
3.387543715862410278e-04
3.386696695953697036e-04
3.386999942928220985e-04
3.386184865944399827e-04
3.386439657789884288e-04
3.385653038480348218e-04
3.385860696918381162e-04
3.385098785874336214e-04
3.385260064639244114e-04
3.384518838296468146e-04
3.384633955383855751e-04
3.383909160712024466e-04
3.383977891455201901e-04
3.383265158226149948e-04
3.383286998950374241e-04
3.382582024666425449e-04
3.382556425856170744e-04
3.381855224404934973e-04
3.381781875079027731e-04
3.381081059889490584e-04
3.380960182032930091e-04
3.380257230053196121e-04
3.380089817256394145e-04
3.379383237005198688e-04
3.379171152468492517e-04
3.378460467466044620e-04
3.378206314960975620e-04
3.377491786190925881e-04
3.377198497255082146e-04
3.376480558206873366e-04
3.376150710664669327e-04
3.375429182106534274e-04
3.375064177647049408e-04
3.374337454890109019e-04
3.373936812023857999e-04
3.373201334789595503e-04
3.372762441422186091e-04
3.372012793781742129e-04
3.371531428335901998e-04
3.370761288226881494e-04
3.370232983935513385e-04
3.369436798839636109e-04
3.368858688843867871e-04
3.368033459247444096e-04
3.367405747587135282e-04
3.366551893514677682e-04
3.365877877755870133e-04
3.364998235688010245e-04
3.364282257539802866e-04
3.363379127307900116e-04
3.362623090743197809e-04
3.361694775516575469e-04
3.360895412919143676e-04
3.359934910079161088e-04
3.359084465908962589e-04
3.358082359335658640e-04
3.357173433938542297e-04
3.356123847820263349e-04
3.355155134548225932e-04
3.354059647988729461e-04
3.353036581429119796e-04
3.351900799802363766e-04
3.350828361425924485e-04
3.349652580163339408e-04
3.348526589826417415e-04
3.347300896496037013e-04
3.346109427417631775e-04
3.344822006806691720e-04
3.343558459494474209e-04
3.342208756144101158e-04
3.340879328373083765e-04
3.339475391885361245e-04
3.338085847879412697e-04
3.336625382378473901e-04
3.335165385397704596e-04
3.333632498797810240e-04
3.332088662705888298e-04
3.330478009004864451e-04
3.328855779884587387e-04
3.327177526933112767e-04
3.325483270897110579e-04
3.323731635580983910e-04
3.321949024132502025e-04
3.320105941328643133e-04
3.318227744115026523e-04
3.316299757369726162e-04
3.314338014725631311e-04
3.312326952629726174e-04
3.310267322147239641e-04
3.308151897704942235e-04
3.305984760636212854e-04
3.303772946236197428e-04
3.301510238211773345e-04
3.299197264310916276e-04
3.296817399903884268e-04
3.294386369422049651e-04
3.291894241620179230e-04
3.289357633828054084e-04
3.286747260168687936e-04
3.284081235042453275e-04
3.281341014933263295e-04
3.278556312347994544e-04
3.275690968758562349e-04
3.272767218507591138e-04
3.269759148581522531e-04
3.266703929687920431e-04
3.263557910034663558e-04
3.260350316582054809e-04
3.257052341870391452e-04
3.253701532880122851e-04
3.250246664117646222e-04
3.246730318547028896e-04
3.243117837934747093e-04
3.239439177256917576e-04
3.235649522534454563e-04
3.231801007059146419e-04
3.227837512289385286e-04
3.223802005246301987e-04
3.219656795996670806e-04
3.215434084373001837e-04
3.211090814674740206e-04
3.206675916240433327e-04
3.202128513535866983e-04
3.197507657613077097e-04
3.192752306354207500e-04
3.187913874243481546e-04
3.182941997611341738e-04
3.177877931677464195e-04
3.172678502811456056e-04
3.167380925986835517e-04
3.161943141258372145e-04
3.156402952406349525e-04
3.150716568555621765e-04
3.144923710511499126e-04
3.138978571396356830e-04
3.132922478989303415e-04
3.126708191387117487e-04
3.120377996441838571e-04
3.113883829640404785e-04
3.107268409540601788e-04
3.100483293351417825e-04
3.093571271424911014e-04
3.086483818389964195e-04
3.079263560709340013e-04
3.071862089784659165e-04
3.064321708838661220e-04
3.056594267655316139e-04
3.048721633242755763e-04
3.040656020552481680e-04
3.032438776770061289e-04
3.024022566855251123e-04
3.015448154476955316e-04
3.006668724817421787e-04
2.997724408883910242e-04
2.988568972014778386e-04
2.979241874789834849e-04
2.969697515100769422e-04
2.959974654750495014e-04
2.950028370900360602e-04
2.939896706371674696e-04
2.929535459973899177e-04
2.918981942629563235e-04
2.908192713872172729e-04
2.897204346499826564e-04
2.885974197385845759e-04
2.874538101246516212e-04
2.862854247166857582e-04
2.850957737788583908e-04
2.838807628165990302e-04
2.826438300620224371e-04
2.813809709385421513e-04
2.800955533807967602e-04
2.787836660484603124e-04
2.774486088616179335e-04
2.760865670796464099e-04
2.747007754318653207e-04
2.732875192302691735e-04
2.718499713728271777e-04
2.703845208072757017e-04
2.688942824911818587e-04
2.673757527582602193e-04
2.658319930441207938e-04
2.642596110183602354e-04
2.626616195353806502e-04
2.610347417776471678e-04
2.593819474737236530e-04
2.577000797442432481e-04
2.559920711501835889e-04
2.542548894376421716e-04
2.524914364435375930e-04
2.506988094931928996e-04
2.488798866027164551e-04
2.470318998900722764e-04
2.451577108775791032e-04
2.432546919284196566e-04
2.413256957727557867e-04
2.393682406736845976e-04
2.373851785798566905e-04
2.353741794542225593e-04
2.333381026978964188e-04
2.312747758384076330e-04
2.291870740767694035e-04
2.270729883263903563e-04
2.249354179105407276e-04
2.227725227658427273e-04
2.205872344630573480e-04
2.183778872376706073e-04
2.161474526254487070e-04
2.138944438547991152e-04
2.116218794820840822e-04
2.093284555741334297e-04
2.070172437989869802e-04
2.046871257404183492e-04
2.023412309497148978e-04
1.999786276658603286e-04
1.976025063653059509e-04
1.952121211104341006e-04
1.928107241492773183e-04
1.903977520802966673e-04
1.879765170551094119e-04
1.855466319291646242e-04
1.831114636104522631e-04
1.806707913635684150e-04
1.782280278291634276e-04
1.757831046639746924e-04
1.733394667329342853e-04
1.708971793014975457e-04
1.684597008788788679e-04
1.660272062336015544e-04
1.636031433468497021e-04
1.611877666004974915e-04
1.587844832891472844e-04
1.563935914354829231e-04
1.540184213137096023e-04
1.516592724838469069e-04
1.493193558036051639e-04
1.469989244451469696e-04
1.447010219221445831e-04
1.424258020629049762e-04
1.401760886584688798e-04
1.379518796164663427e-04
1.357557239462316742e-04
1.335874056069169568e-04
1.314491436842027546e-04
1.293404517675848808e-04
1.272631673315853193e-04
1.252164828168341360e-04
1.232018103890419522e-04
1.212179812323504872e-04
1.192659519922316998e-04
1.173441690802772111e-04
1.154531231686818855e-04
1.135908755004552293e-04
1.117574667331428374e-04
1.099506022785541804e-04
1.081699215163757673e-04
1.064128389705425306e-04
1.046786793434502578e-04
1.029646707840772488e-04
1.012699502457910526e-04
9.959170413661955158e-05
9.792904711541431631e-05
9.627930399642111218e-05
9.464176326148857575e-05
9.301409225360843984e-05
9.139596448710980855e-05
8.978559806637791065e-05
8.818325356198157083e-05
8.658788356554607561e-05
8.500049590649194295e-05
8.342090085132266718e-05
8.185093342354663772e-05
8.029128473787189237e-05
7.874457799986321236e-05
7.721227272475353906e-05
7.569759252074103955e-05
7.420249628776842785e-05
7.273046276694117133e-05
7.128353159686219413e-05
6.986495977010763480e-05
6.847634700372408085e-05
6.712019132615775136e-05
6.579712538891808711e-05
6.450840926338744809e-05
6.325331295652896325e-05
6.203158909464310514e-05
6.084103627391763535e-05
5.967998658859357907e-05
5.854506873699181596e-05
5.743372053797112306e-05
5.634213716041198560e-05
5.526777723137744100e-05
5.420743481310908639e-05
5.315965939436939207e-05
5.212284622044202631e-05
5.109745726360620668e-05
5.008401012750003851e-05
4.908499874128235052e-05
4.810270520177077283e-05
4.714079836999367012e-05
4.620200639595948883e-05
4.528951036927831940e-05
4.440466469489013620e-05
4.354843973429265667e-05
4.271947324439712271e-05
4.191584067802580380e-05
4.113364838402065542e-05
4.036922561252119783e-05
3.961817900769028206e-05
3.887773425792797173e-05
3.814579187085509698e-05
3.742283945021488800e-05
3.671041255881437400e-05
3.601211925761998767e-05
3.533133208407175971e-05
3.467156179062368549e-05
3.403405354119423725e-05
3.341853269662962956e-05
3.282183580482832497e-05
3.223993133160635245e-05
3.166788951327944044e-05
3.110263641184371025e-05
3.054286433656845022e-05
2.999060718385168227e-05
2.944931059421938274e-05
2.892337151937080693e-05
2.841502829256133591e-05
2.792410437753569340e-05
2.744682560513514154e-05
2.697838804177665726e-05
2.651433686567017902e-05
2.605380153652689512e-05
2.559907136726146916e-05
2.515503260319245640e-05
2.472513405373325397e-05
2.430966414190825119e-05
2.390439413382160162e-05
2.350399891052808041e-05
2.310504373042313519e-05
2.270928949205889419e-05
2.232155952732099596e-05
2.194626834409229419e-05
2.158265965430999418e-05
2.122579317219930805e-05
2.087028833232538381e-05
2.051593542623121112e-05
2.016702297469967622e-05
1.982798266676714604e-05
1.949777402324012814e-05
1.917177898228441182e-05
1.884717149992886967e-05
1.852681101580505574e-05
1.821420466567386925e-05
1.790807598914680409e-05
1.760325400035065690e-05
1.729902392235441473e-05
1.700037692299049305e-05
1.671058291283411188e-05
1.642539107932885275e-05
1.614057028478870317e-05
1.585840327319237980e-05
1.558217985942412503e-05
1.530860572204018627e-05
1.503535839368008892e-05
1.476697192174240524e-05
1.450587695333385469e-05
1.424691288567950843e-05
1.398905970301137869e-05
1.373588135487897115e-05
1.348496643169066256e-05
1.323379964858216810e-05
1.298726745453276513e-05
1.274555073569109684e-05
1.250594952086100565e-05
1.227066683598968533e-05
1.203798334692766553e-05
1.180594453273538901e-05
1.157708385182783288e-05
1.134913037323943193e-05
1.112404295614381529e-05
1.090404686388163549e-05
1.068670041952958663e-05
1.047285137776225791e-05
1.026046820894699738e-05
1.005010040746105107e-05
9.841362890868499491e-06
9.633794143044743268e-06
9.430011113735175789e-06
9.229819186507872542e-06
9.033566097453371363e-06
8.839325982005491133e-06
8.647212605853695568e-06
8.456730364957726912e-06
8.267697248175014609e-06
8.080171737281250109e-06
7.896474458412222142e-06
7.716357090204045496e-06
7.539608843725201431e-06
7.365067033108268768e-06
7.192326090840090805e-06
7.021429144958197624e-06
6.851835091361465073e-06
6.684164282501890865e-06
6.520377108984454556e-06
6.359989535350949397e-06
6.202523241555922375e-06
6.047178367204730697e-06
5.893695895533306382e-06
5.742186674964295760e-06
5.591936527559599760e-06
5.444111781293693810e-06
5.299947579762522538e-06
5.158975418233772251e-06
5.020401365393361265e-06
4.883939709395489735e-06
4.749620642800396520e-06
4.617316719900049599e-06
4.486256931245084196e-06
4.357869856672760311e-06
4.232917695611241929e-06
4.110949636151125029e-06
3.991071783553673699e-06
3.873229642413951976e-06
3.757801974189961121e-06
3.644368707928177734e-06
3.532319480616560769e-06
3.423131745463845146e-06
3.317006288507373697e-06
3.213593379461495148e-06
3.112203515043278488e-06
3.012906392884313288e-06
2.916254722892885601e-06
2.821482821935940754e-06
2.728385256062255954e-06
2.638312245235978783e-06
2.550789695177512475e-06
2.465706268340139033e-06
2.382782861739674335e-06
2.301873967385748170e-06
2.223628144260057118e-06
2.147138854013676479e-06
2.072385355768534356e-06
2.000272005902288001e-06
1.930086499916303089e-06
1.861712342219367754e-06
1.795049541094075290e-06
1.729937228703916878e-06
1.666849033504311730e-06
1.604729609028708919e-06
1.543935467576852480e-06
1.484586635920365305e-06
1.426376884362977352e-06
1.369050457628575643e-06
1.312866212552212965e-06
1.257817972378666951e-06
1.204251021703616450e-06
1.151375553977475431e-06
1.099718406612361084e-06
1.049128111399062052e-06
9.996257765660276910e-07
9.510629912879784881e-07
9.037558320615562226e-07
8.578363181820460100e-07
8.134399212567313334e-07
7.700548268119234050e-07
7.280963969322434203e-07
6.872552383877102852e-07
6.477190902962009235e-07
6.094757060293519315e-07
5.727524182585421164e-07
5.377112728607448991e-07
5.043108144624449784e-07
4.722356520159465623e-07
4.416345810355560203e-07
4.120969485788062903e-07
3.838058376088260340e-07
3.567879497936904968e-07
3.310884140294014660e-07
3.068562384043819941e-07
2.840381567404766546e-07
2.624748589360964902e-07
2.421415497853274743e-07
2.228003945248720752e-07
2.045840211021548179e-07
1.874800564004646836e-07
1.714123798305606164e-07
1.564165958359122288e-07
1.424064932009655810e-07
1.292751625685797629e-07
1.168599872664596855e-07
1.051832532553415371e-07
9.437704506893081641e-08
8.447112426994765558e-08
7.536252691509119657e-08
6.702049295202500901e-08
5.939233272080920257e-08
5.230528301049603364e-08
4.559669580246693076e-08
3.931044446919023239e-08
3.352356865281274356e-08
2.821151078991533260e-08
2.334176138758016919e-08
1.902234371671454275e-08
1.533964786383893824e-08
1.204408185398064520e-08
8.962666591953582579e-09
6.049886799623258000e-09
3.381488133770171583e-09
9.495158605326509701e-10
-1.295246008948200208e-09
-3.257619176556488297e-09
-4.852014732340569020e-09
-6.264687001843712462e-09
-7.467698357704284188e-09
-8.489138767122712635e-09
-9.314463085719544253e-09
-1.001841989187377001e-08
-1.073546743365113828e-08
-1.142183259773703489e-08
-1.204672333417992323e-08
-1.261844365373955868e-08
-1.289129187461820262e-08
-1.292300412361750762e-08
-1.283870602755025510e-08
-1.275197131968141744e-08
-1.281785220168161871e-08
-1.292459090094073287e-08
-1.299200546921453284e-08
-1.301533576285233670e-08
-1.287650551160385139e-08
-1.257591765419363428e-08
-1.221176391293898706e-08
-1.192426537862951590e-08
-1.176689649823945907e-08
-1.155737112340659384e-08
-1.129708717552972589e-08
-1.101071502051646009e-08
-1.074525800055703909e-08
-1.044256462956350436e-08
-1.013800468803189697e-08
-9.845224320038976603e-09
-9.553503057225998662e-09
-9.233436580795519013e-09
-8.920190083453152663e-09
-8.562462784594316424e-09
-8.236733567358424699e-09
-8.019174248270102957e-09
-7.801357916016583829e-09
-7.522372070628537600e-09
-7.227745633946908587e-09
-6.958518728268724631e-09
-6.716094753054479371e-09
-6.388094861215730663e-09
-6.085900905061055487e-09
-5.898799235158025767e-09
-5.695819139988572270e-09
-5.459831418547280047e-09
-5.264039391288041316e-09
-5.123288902471429614e-09
-4.921700054472734822e-09
-4.686691040666836774e-09
-4.429817698232245137e-09
-4.203744801481750637e-09
-4.025491502383120564e-09
-3.878833904682802145e-09
-3.788258865933819203e-09
-3.739237994183978329e-09
-3.584418985183370062e-09
-3.418889417785724220e-09
-3.178116606733440783e-09
-2.950594651925241862e-09
-2.819727716197919238e-09
-2.752309111685148832e-09
-2.751408030666035310e-09
-2.721555877513174245e-09
-2.626998864940928899e-09
-2.473908259861783801e-09
-2.268662629282179935e-09
-2.082869076382957041e-09
-1.996862551173867367e-09
-1.982476148566887644e-09
-2.020966812069763427e-09
-2.013863638335013221e-09
-1.940151641679332185e-09
-1.791936010159877394e-09
-1.633897796172410142e-09
-1.504351949497382811e-09
-1.446964666502164060e-09
-1.456519799707811880e-09
-1.503400346727343976e-09
-1.513214015409025290e-09
-1.435475074889933043e-09
-1.307731472622135581e-09
-1.200628804297281915e-09
-1.116382858166162034e-09
-1.073444273459101987e-09
-1.091686661947752253e-09
-1.138804411951148497e-09
-1.135173118253379146e-09
-1.057674862912592135e-09
-9.611834173448762942e-10
-8.914048055943328314e-10
-8.371372405931099803e-10
-8.019291680614476042e-10
-8.201924665796514692e-10
-8.602243220476180515e-10
-8.311316788336913021e-10
-7.624944968078893447e-10
-6.951278664374412357e-10
-6.513261450660368839e-10
-6.120939245120886663e-10
-5.777961405490764731e-10
-5.976500945430796037e-10
-6.182949075608983137e-10
-5.787673643288168681e-10
-5.195754605346614435e-10
-4.762167887144550415e-10
-4.495726123955480628e-10
-4.146962083715996798e-10
-3.811932339399361378e-10
-4.015918213172387485e-10
-4.025363621180368061e-10
-3.661345653445237997e-10
-3.155046106679351176e-10
-2.840451692411780144e-10
-2.665150684486890245e-10
-2.330974511392030816e-10
-2.074011488326436424e-10
-2.239804341507946801e-10
-2.090017511238322835e-10
-1.816936285755648544e-10
-1.457328015415773825e-10
-1.222284385832070939e-10
-1.120321042880306090e-10
-8.318051190037433037e-11
-7.075621485349401156e-11
-8.364907486296595664e-11
-6.447204790139325096e-11
-4.889296231169759990e-11
-3.008812192079083686e-11
-1.450941845135339239e-11
-1.336055516472981216e-11
4.688500736172060569e-12
3.708848380393470600e-12
-6.341296467556522801e-12
2.760461648919640603e-12
8.951957490463894682e-12
1.293518391474078791e-11
1.658809408504448667e-11
1.100259550708991833e-11
1.850655907441167842e-11
6.560400610619508422e-12
-3.467073078210315166e-13
-2.262881274368167374e-12
-8.442571863594224147e-13
-5.372323976484282456e-12
-7.753187469389167425e-12
-1.312735388022187894e-11
-1.045645427494148140e-11
-2.111674852467115372e-11
-2.350538865514992017e-11
-2.464010265600722906e-11
-2.123263826086850064e-11
-2.174245080961139622e-11
-2.102224124188377351e-11
-1.922472168815908509e-11
-1.417900090457375442e-11
-1.689194654760575819e-11
-1.264746652621325913e-11
-9.713298484058412629e-12
-4.399328210733443695e-12
-1.816446253413619348e-12
-1.242901939588098199e-13
2.848028550511919689e-12
4.712091430270508483e-12
1.841306386999522500e-12
3.177966908172371449e-12
1.870873305970245916e-12
1.345297353719788824e-12
-1.505418821888292849e-14
-2.624613740716643069e-12
-3.147689837348783667e-12
-4.547636296805149464e-12
-6.832464687573562963e-12
-5.970264204285974597e-12
-5.546533293339787359e-12
-4.238198783587522906e-12
-2.659369363118945004e-12
-1.699487234163012128e-12
5.962740078435894339e-13
9.503120910842248994e-13
1.228004161027624162e-12
1.369590917426183004e-12
1.029902856969026260e-12
-2.198233957925293594e-14
-9.971785518768669221e-13
-2.090684798702561229e-12
-2.055359008789490394e-12
-2.559045217600098943e-12
-2.016241197702065385e-12
-1.127046802728695266e-12
-8.899049941204212863e-15
6.398583493647647892e-13
8.423850948189918026e-13
6.248183695809811043e-13
2.427665973275211993e-13
-7.796963696169969834e-13
-1.220702971605993067e-12
-1.333135300555859541e-12
-9.078739807637297034e-13
-2.904892202422996204e-13
2.082989484597389404e-13
5.810320409352107695e-13
4.423708041974194404e-13
-1.924861196065571634e-13
-5.948332399534704576e-13
-7.933091930353784723e-13
-5.639702436128263615e-13
-2.944239640915780696e-14
2.563826179951316148e-13
3.655789960065699843e-13
5.107790774031502820e-15
-4.346239939562250055e-13
-5.073852933419527038e-13
-2.329979252643261913e-13
1.249766779534263271e-13
2.966613500369780550e-13
-7.508778268707505073e-15
-2.528135597203707714e-13
-3.611256302106267591e-13
-5.633675018435633385e-14
1.781385959232407912e-13
1.393349234225875125e-13
-1.838917050023636057e-13
-2.423836123074177610e-13
-6.063900057656342622e-14
1.894677932716183268e-13
2.055133836348869345e-14
-1.740404602054808493e-13
-1.436530197879619994e-13
1.140057467393897156e-13
7.161416991468393961e-14
-1.173454629521544527e-13
-1.246962330735162618e-13
1.067981982850795693e-13
3.355338692245417356e-14
-1.154267821161162410e-13
-4.122828846669745464e-14
1.094901387832830996e-13
-5.828762598596127514e-14
-7.541870195848463827e-14
6.802969746908078840e-14
8.787770315912037939e-15
-9.688578984643910410e-14
7.478499490500282126e-14
-1.073897782625479885e-14
-5.840191205887218967e-14
5.966211943517958512e-14
-2.310267294726868017e-14
-3.415936343355517437e-14
6.816322057401861125e-14
-7.576822785300828375e-14
5.869956169589842041e-14
-2.990062955227541502e-14
4.470113167160640122e-15
1.829223985232164529e-14
-2.652280664063230966e-14
3.482321046885860782e-14
-2.952679908432568116e-14
3.149779516360842417e-14
-2.135586005525131992e-14
2.334339435143168242e-14
-1.262486782091554563e-14
1.663215316747976898e-14
-6.308382838535639521e-15
1.230419315056807401e-14
-2.236059898295195370e-15
9.738746561226897775e-15
3.456516982849215764e-16
8.247034634038114463e-15
2.026994876231702705e-15
7.372350386655266746e-15
3.169207463823381756e-15
6.851243515483364101e-15
3.978844314459544880e-15
6.537020935018144293e-15
4.574017801668484719e-15
6.347318045961906539e-15
5.024369969434741757e-15
6.234634740606732679e-15
5.372761961410246446e-15
6.170675870879596743e-15
5.646792239804330142e-15
6.138045794079973994e-15
5.865004220580528733e-15
6.125747247347860185e-15
6.040337521245091812e-15
6.126664447254749093e-15
6.182120195595248728e-15
6.136107254604742753e-15
6.297264331713943993e-15
6.150940999512600252e-15
6.391011059477303423e-15
6.169050474886370347e-15
6.467411370926933316e-15
6.189000816867286654e-15
6.529646588836758857e-15
6.209817885189318713e-15
6.580248275110864046e-15
6.230843151128709596e-15
6.621253145133048773e-15
6.251636162674404777e-15
6.654314785173034840e-15
6.271908039151704091e-15
6.680785922600940060e-15
6.291475579239144678e-15
6.701780144658994938e-15
6.310229284770231756e-15
6.718218967469530568e-15
6.328110908604466432e-15
6.730868258563582083e-15
6.345097600880658418e-15
6.740366783812056826e-15
6.361190670314343132e-15
6.747248835042168115e-15
6.376407602900248940e-15
6.751962345266189812e-15
6.390776394081251512e-15
6.754883516051501082e-15
6.404331533963267360e-15
6.756328721729588689e-15
6.417111177136085887e-15
6.756564259903738761e-15
6.429155165108148700e-15
6.755814386738281452e-15
6.440503661853826049e-15
6.754267971803533610e-15
6.451196230697618370e-15
6.752084035494302532e-15
6.461271227881330971e-15
6.749396374016201550e-15
6.470765422909309616e-15
6.746317436688608840e-15
6.479713779285041795e-15
6.742941585428219320e-15
6.488149348607006187e-15
6.739347842759601641e-15
6.496103242990664182e-15
6.735602214067867390e-15
6.503604660593178594e-15
6.731759653414139924e-15
6.510680946050086029e-15
6.727865731258387154e-15
6.517357673006002884e-15
6.723958051008890051e-15
6.523658739072082063e-15
6.720067453969242808e-15
6.529606466883759471e-15
6.716219045371176685e-15
6.535221706422138136e-15
6.712433068502629524e-15
6.540523936107342304e-15
6.708725650950079273e-15
6.545531359779839409e-15
6.705109440506338959e-15
6.550260999203174639e-15
6.701594148846358909e-15
6.554728780570582441e-15
6.698187015025379853e-15
6.558949615559883658e-15
6.694893201969475289e-15
6.562937475991880340e-15
6.691716134373179512e-15
6.566705462988880171e-15
6.688657787630751436e-15
6.570265870345392613e-15
6.685718933891645986e-15
6.573630242783708937e-15
6.682899352270646881e-15
6.576809429157416657e-15
6.680198007641610714e-15
6.579813631332340373e-15
6.677613202909708981e-15
6.582652448648450268e-15
6.675142708358625930e-15
6.585334918761556183e-15
6.672783871442911423e-15
6.587869554992113343e-15
6.670533709695250477e-15
6.590264380417155094e-15
6.668388989244526506e-15
6.592526959273196824e-15
6.666346290934847328e-15
6.594664425603895652e-15
6.664402065847197568e-15
6.596683509720851211e-15
6.662552681676901813e-15
6.598590562430329481e-15
6.660794461338594299e-15
6.600391577374691875e-15
6.659123714859189259e-15
6.602092211660120262e-15
6.657536765580669759e-15
6.603697804820613821e-15
6.656029971418751558e-15
6.605213396432109999e-15
6.654599741958813165e-15
6.606643742306012124e-15
6.653242551922132514e-15
6.607993329537047225e-15
6.651954951658756997e-15
6.609266390420980424e-15
6.650733574915939027e-15
6.610466915321647063e-15
6.649575144492496154e-15
6.611598664612498739e-15
6.648476475898799869e-15
6.612665179696535768e-15
6.647434479467143397e-15
6.613669793261861826e-15
6.646446161058171369e-15
6.614615638686367704e-15
6.645508621601010203e-15
6.615505658761580756e-15
6.644619055668414127e-15
6.616342613693188080e-15
6.643774749167941281e-15
6.617129088479540489e-15
6.642973076330123009e-15
6.617867499630821822e-15
6.642211496112642589e-15
6.618560101324560561e-15
6.641487548041617518e-15
6.619208990939956873e-15
6.640798847655786582e-15
6.619816114101432469e-15
6.640143081527581116e-15
6.620383269148062478e-15
6.639518002013456847e-15
6.620912111116088449e-15
6.638921421682833533e-15
6.621404155225618079e-15
6.638351207565790666e-15
6.621860779910219486e-15
6.637805275166873802e-15
6.622283229416311768e-15
6.637281582363261767e-15
6.622672615943327280e-15
6.636778123155412936e-15
6.623029921461698393e-15
6.636292921376485633e-15
6.623355999141224265e-15
6.635824024330263287e-15
