# bin_5_2
6.930894413246744548e-05
6.893872759990312109e-05
6.929702668296913184e-05
6.894877644337753339e-05
6.928570264277433865e-05
6.895809280096011249e-05
6.927492456882083753e-05
6.896671007952130867e-05
6.926464703137462495e-05
6.897465855970677507e-05
6.925482642906913798e-05
6.898196555059341365e-05
6.924542081791781683e-05
6.898865553566086697e-05
6.923638975527125576e-05
6.899475031218614465e-05
6.922769415874692868e-05
6.900026912668893498e-05
6.921929618220734322e-05
6.900522880909955032e-05
6.921115910923612022e-05
6.900964390901660425e-05
6.920324726662091010e-05
6.901352683636774227e-05
6.919552595945849889e-05
6.901688801066163117e-05
6.918796143018143938e-05
6.901973602157300525e-05
6.918052084440198921e-05
6.902207780498306874e-05
6.917317230576859447e-05
6.902391883770474029e-05
6.916588490270354143e-05
6.902526335439362838e-05
6.915862878924703360e-05
6.902611458934003713e-05
6.915137530197581930e-05
6.902647504540223872e-05
6.914409711356327192e-05
6.902634679091515708e-05
6.913676842252329459e-05
6.902573178328508870e-05
6.912936517621739855e-05
6.902463221585907296e-05
6.912186532147731872e-05
6.902305088098510059e-05
6.911424907292876133e-05
6.902099153766145189e-05
6.910649918465443990e-05
6.901845926675199776e-05
6.909860120435804757e-05
6.901546078998909404e-05
6.909054368241164968e-05
6.901200472187592162e-05
6.908231830012266899e-05
6.900810171491310416e-05
6.907391987373155597e-05
6.900376445118390338e-05
6.906534618300015714e-05
6.899900742658288913e-05
6.905659756815850034e-05
6.899384647021657385e-05
6.904767623755270819e-05
6.898829794354366775e-05
6.903858523391043093e-05
6.898237757348464204e-05
6.902932702258886483e-05
6.897609889591558424e-05
6.901990169450549070e-05
6.896947132324659537e-05
6.901030482279469616e-05
6.896249790615437071e-05
6.900052507897519666e-05
6.895517293601692642e-05
6.899054180031931913e-05
6.894747962947084003e-05
6.898032280197916423e-05
6.893938824202495324e-05
6.896982283224572228e-05
6.893085505641147735e-05
6.895898315572772744e-05
6.892182275712397256e-05
6.894773278382777370e-05
6.891222269424177049e-05
6.893599180837116586e-05
6.890197940839696384e-05
6.892367708253892484e-05
6.889101748441902489e-05
6.891071008727015499e-05
6.887927028974165421e-05
6.889702620707596639e-05
6.886668944789235973e-05
6.888258386490756196e-05
6.885325309206565599e-05
6.886737118316856889e-05
6.883897025454964404e-05
6.885140732978679802e-05
6.882387852418889065e-05
6.883473588244808854e-05
6.880803278954634246e-05
6.881740884355168049e-05
6.879148487423116486e-05
6.879946264304868421e-05
6.877425724449088879e-05
6.878089136463154895e-05
6.875631812955040304e-05
6.876162645812845592e-05
6.873756875956042039e-05
6.874153425836203573e-05
6.871785346904501590e-05
6.872043997051774736e-05
6.869699749824031911e-05
6.869817734886584325e-05
6.867486457296412446e-05
6.867464805196327518e-05
6.865141018462586609e-05
6.864985994040107324e-05
6.862669623545716207e-05
6.862391114368371890e-05
6.860084122835589590e-05
6.859690832672772198e-05
6.857391508092783024e-05
6.856885315166614658e-05
6.854583777349806462e-05
6.853957603474081022e-05
6.851636896429247434e-05
6.850879444439831657e-05
6.848523434972651996e-05
6.847628937478220622e-05
6.845231684293433673e-05
6.844206326979922336e-05
6.841773138001456774e-05
6.840629479238670430e-05
6.838165144390906511e-05
6.836906865990697896e-05
6.834401401154369690e-05
6.833015299878852933e-05
6.830446232140049805e-05
6.828915794622776180e-05
6.826269518900468806e-05
6.824596456007602494e-05
6.821880452257494639e-05
6.820080389467939844e-05
6.817301599185702143e-05
6.815373109452329582e-05
6.812512301373601373e-05
6.810431576321448229e-05
6.807464650770727232e-05
6.805224966191554948e-05
6.802158728703152442e-05
6.799778599946765310e-05
6.796621497941666664e-05
6.794093258544009570e-05
6.790816752507889309e-05
6.788112525932158781e-05
6.784703030834275238e-05
6.781835047646645907e-05
6.778310587100046811e-05
6.775283287624146939e-05
6.771618860862624865e-05
6.768398790214826531e-05
6.764577179061547353e-05
6.761178604618414321e-05
6.757217914292417804e-05
6.753634207044798845e-05
6.749497825616144868e-05
6.745702428634787725e-05
6.741397074887718361e-05
6.737411374730035204e-05
6.732926072742363808e-05
6.728712014284807090e-05
6.724026642418289978e-05
6.719602607964327186e-05
6.714723792105416818e-05
6.710057253780418566e-05
6.704955162649777725e-05
6.700059193510146888e-05
6.694740627415564241e-05
6.689581685271704778e-05
6.684022772620557234e-05
6.678616382831545014e-05
6.672808114738496986e-05
6.667118288230387726e-05
6.661058573602676670e-05
6.655091009577276929e-05
6.648746988080267211e-05
6.642489729426807540e-05
6.635865982503771064e-05
6.629291330917242548e-05
6.622374132631384544e-05
6.615481989368890187e-05
6.608243782239558853e-05
6.601026190943198120e-05
6.593456215962169189e-05
6.585890796912586165e-05
6.577981985113037962e-05
6.570049815609592077e-05
6.561787313939927517e-05
6.553475229270997870e-05
6.544840173922465145e-05
6.536135240916356409e-05
6.527109121428314846e-05
6.517996341269691673e-05
6.508561546277326598e-05
6.499024290578793125e-05
6.489163328983746707e-05
6.479184069483641525e-05
6.468879035012576034e-05
6.458439675609517179e-05
6.447672076819112752e-05
6.436754029444961757e-05
6.425504780230662861e-05
6.414088961465461256e-05
6.402338410717306342e-05
6.390405231990114120e-05
6.378133195224737874e-05
6.365662563648017867e-05
6.352848351830133085e-05
6.339819682200447347e-05
6.326442130329817948e-05
6.312834366403907618e-05
6.298871864721393606e-05
6.284663508571424351e-05
6.270094038439117214e-05
6.255263187537136917e-05
6.240064363458471517e-05
6.224588755690768724e-05
6.208737874633165081e-05
6.192594941766754529e-05
6.176069040821702478e-05
6.159235971139206370e-05
6.142011894521842567e-05
6.124465705470629612e-05
6.106520181872706666e-05
6.088237803670481569e-05
6.069547535015100642e-05
6.050505906231638228e-05
6.031047668920841426e-05
6.011223845120785176e-05
5.990974604911103045e-05
5.970345881496742438e-05
5.949282923177272412e-05
5.927826973612399116e-05
5.905928046689457327e-05
5.883623077313235121e-05
5.860866558921597023e-05
5.837691481570110201e-05
5.814056557826695489e-05
5.789991181464952360e-05
5.765458048449930236e-05
5.740483290971970477e-05
5.715033376458422139e-05
5.689131497729283863e-05
5.662747704675507004e-05
5.635902561757383131e-05
5.608569534415871273e-05
5.580766859729361431e-05
5.552471273000729538e-05
5.523698975909087274e-05
5.494429848264048089e-05
5.464678340216775373e-05
5.434427370107052917e-05
5.403689913022379556e-05
5.372451838185132234e-05
5.340724915168801535e-05
5.308497893575723337e-05
5.275781600344485120e-05
5.242567610735495765e-05
5.208866065212243847e-05
5.174671324156954037e-05
5.139993090607484794e-05
5.104828481832298238e-05
5.069187004592209407e-05
5.033068514868412632e-05
4.996482555139331700e-05
4.959431709324789916e-05
4.921925776677556642e-05
4.883970062520171939e-05
4.845574830611665908e-05
4.806748101643250847e-05
4.767500795224541608e-05
4.727843637496558491e-05
4.687788375068738190e-05
4.647348420622473766e-05
4.606536494109606038e-05
4.565368660972880799e-05
4.523858730586113267e-05
4.482025365822027722e-05
4.439883544981589281e-05
4.397454444004800640e-05
4.354754245919463057e-05
4.311806518126101273e-05
4.268628632623290320e-05
4.225246380613828588e-05
4.181678247375710797e-05
4.137952025044984856e-05
4.094087167951525514e-05
4.050113181950769245e-05
4.006050269298211565e-05
3.961929289447364995e-05
3.917770887077339479e-05
3.873606834972886790e-05
3.829457824638679098e-05
3.785356016858741049e-05
3.741321661433572390e-05
3.697386695411121580e-05
3.653570346879751811e-05
3.609903634798191714e-05
3.566404101478359287e-05
3.523101081531059030e-05
3.480009698675283589e-05
3.437156784645890737e-05
3.394554268236498238e-05
3.352225638123747681e-05
3.310178845500765692e-05
3.268433217622447519e-05
3.226991989840500029e-05
3.185869589117695029e-05
3.145063906433286392e-05
3.104583881252425315e-05
3.064421620664545536e-05
3.024580226335301582e-05
2.985045861696029960e-05
2.945815771531804764e-05
2.906870392151285915e-05
2.868201519521024391e-05
2.829784548483920781e-05
2.791606747080807303e-05
2.753639698271664977e-05
2.715867634547183606e-05
2.678260137972439194e-05
2.640800479280505384e-05
2.603458608449285932e-05
2.566219425604338592e-05
2.529056064580703861e-05
2.491957999634740388e-05
2.454904589773443334e-05
2.417892897755891156e-05
2.380911426795371654e-05
2.343967501423881375e-05
2.307061096755916234e-05
2.270211612404124407e-05
2.233431677313812942e-05
2.196753149056322846e-05
2.160200786467133096e-05
2.123817340215113024e-05
2.087637033935154981e-05
2.051709689756244989e-05
2.016074055621196501e-05
1.980781036694728101e-05
1.945867051281930819e-05
1.911376606782962611e-05
1.877336039792976258e-05
1.843775852063070516e-05
1.810705346876581351e-05
1.778135267144835790e-05
1.746053907681496494e-05
1.714450591582430313e-05
1.683293729155470756e-05
1.652555446089788816e-05
1.622191705125321264e-05
1.592167919507806381e-05
1.562440657086564626e-05
1.532983400728882338e-05
1.503768658168072519e-05
1.474792395013675487e-05
1.446054891096368341e-05
1.417582158017387195e-05
1.389404041875114305e-05
1.361571562974689055e-05
1.334131898412116372e-05
1.307142204868102322e-05
1.280643109331285578e-05
1.254671725512452919e-05
1.229237255306249674e-05
1.204337304071843408e-05
1.179939571379414513e-05
1.156004551761171122e-05
1.132474664056361060e-05
1.109302258349536837e-05
1.086442280780405529e-05
1.063879045753369101e-05
1.041614096800422548e-05
1.019683202018721211e-05
9.981327492671969697e-06
9.770244309814864089e-06
9.564034583744757974e-06
9.363005583667087151e-06
9.167066145045914461e-06
8.975882509409142197e-06
8.788819041914078533e-06
8.605275252426211754e-06
8.424744347488630469e-06
8.247132410191430961e-06
8.072660571494139572e-06
7.901910362168044347e-06
7.735444162564837552e-06
7.573668946732773090e-06
7.416493522972916507e-06
7.263455713610718979e-06
7.113793301758239886e-06
6.966929731644727294e-06
6.822653985564060595e-06
6.681342765894164298e-06
6.543608804474449919e-06
6.409996398239706402e-06
6.280468649076372235e-06
6.154471201137122076e-06
6.031159888251647698e-06
5.910077075684032809e-06
5.791376322278057644e-06
5.675765435078636863e-06
5.563776100993149634e-06
5.455323321373840842e-06
5.349615239934979005e-06
5.245912374017040851e-06
5.144099415768559270e-06
5.044803537431537858e-06
4.948553799095708107e-06
4.855195499224390453e-06
4.763961273116188419e-06
4.674453418269148209e-06
4.587000627742781963e-06
4.502127623134715079e-06
4.419569178220723026e-06
4.338580680570341655e-06
4.258949415837793723e-06
4.181373189781488208e-06
4.106226034030865837e-06
4.032905990475528411e-06
3.960731366687802297e-06
3.890039596980811724e-06
3.821226144081049103e-06
3.753815874279951319e-06
3.687375397619524616e-06
3.622530882033365948e-06
3.559547940349370405e-06
3.497700865509384492e-06
3.436780220357621226e-06
3.377301497575175259e-06
3.318852909181007831e-06
3.261075029219707584e-06
3.204581193020900173e-06
3.149378330664482344e-06
3.095015323345785753e-06
3.041827739671423719e-06
2.989511618718557881e-06
2.937785928254076264e-06
2.886965584673655618e-06
2.836737935762304615e-06
2.787309276506755417e-06
2.738991656700166926e-06
2.691390239933380367e-06
2.644643354732599630e-06
2.598404754885843216e-06
2.552748081888847111e-06
2.507585694796235872e-06
2.462878081311727357e-06
2.418946743412759667e-06
2.375776551740684935e-06
2.333382549685181980e-06
2.291494084028214805e-06
2.250067399925379967e-06
2.209019380516108125e-06
2.168312111098161854e-06
2.127993487068499536e-06
2.088369795841174447e-06
2.049442642920622020e-06
2.011144537547064052e-06
1.973291847210715102e-06
1.935759675721045375e-06
1.898536699916185295e-06
1.861553900161752749e-06
1.824960616080756719e-06
1.789046312699236297e-06
1.753787884448860265e-06
1.719068119501799741e-06
1.684727870610861343e-06
1.650652669717609140e-06
1.616842885866914876e-06
1.583228464315727994e-06
1.550057386798987324e-06
1.517553264765674971e-06
1.485679993735714369e-06
1.454257331418344179e-06
1.423176341786307915e-06
1.392362240419513854e-06
1.361786281227548760e-06
1.331385837128363025e-06
1.301476322312902471e-06
1.272242823829211677e-06
1.243624814721194193e-06
1.215395115782551299e-06
1.187464821159881954e-06
1.159815881197728624e-06
1.132381077188178132e-06
1.105130133950198969e-06
1.078418215126162409e-06
1.052360685640733498e-06
1.026878333053059979e-06
1.001748059059887168e-06
9.769048519817281668e-07
9.523701041491350305e-07
9.280215959193644092e-07
9.039028091051208779e-07
8.803810103675729223e-07
8.574459861868529165e-07
8.350258983556784283e-07
8.129573226967821883e-07
7.911587327785756961e-07
7.696894678329699017e-07
7.484029391454146709e-07
7.273917149723243942e-07
7.069819383669946904e-07
6.870825916465697998e-07
6.676096953892757881e-07
6.484590137237228346e-07
6.295889744063014807e-07
6.110609880234955336e-07
5.926999556543249073e-07
5.746899366534910001e-07
5.572211990624824088e-07
5.402157834378331355e-07
5.235491467664216939e-07
5.072139364806429540e-07
4.912227920901712537e-07
4.755946326194873992e-07
4.601526199767497686e-07
4.451216704842472812e-07
4.305940185990308159e-07
4.165044344474085677e-07
4.027184750517015900e-07
3.892623237207404826e-07
3.761962924078503242e-07
3.634715954584491451e-07
3.509353141635516724e-07
3.388029442911136055e-07
3.270640077650050543e-07
3.156775083317556919e-07
3.045448091822038018e-07
2.937007413013718121e-07
2.832316885970688239e-07
2.730276293887029751e-07
2.630024249580676551e-07
2.533342584133535540e-07
2.439095130308344861e-07
2.347223980209596882e-07
2.257295563405814936e-07
2.169188972665420600e-07
2.083860969348712183e-07
1.999998618293134047e-07
1.917227421501475147e-07
1.836709471751784543e-07
1.757295421407800312e-07
1.679241144153391964e-07
1.602678933760123498e-07
1.527609789388441720e-07
1.455002004783666051e-07
1.383625643990822594e-07
1.313877432892876976e-07
1.245939419875946849e-07
1.179515427338933297e-07
1.114686675067154512e-07
1.051955149297317865e-07
9.913407617690349665e-08
9.334973670680490311e-08
8.774670263535281198e-08
8.237152336508248450e-08
7.718456255034018760e-08
7.219545253707281157e-08
6.740185086619620292e-08
6.284000759876228104e-08
5.851094434372191580e-08
5.444413890569734936e-08
5.057781199981486801e-08
4.692487594089223950e-08
4.342002466149117631e-08
4.008245727558807011e-08
3.691628432650004196e-08
3.393516521245847708e-08
3.113572185004035303e-08
2.852695083918777298e-08
2.607939628883593409e-08
2.379091351763841058e-08
2.162507061687658827e-08
1.960586837663641072e-08
1.773301702546238230e-08
1.599526579903893258e-08
1.438260360828252127e-08
1.289859542710038600e-08
1.152001950807746287e-08
1.021877334240212945e-08
8.988958737432803319e-09
7.853523198176070651e-09
6.822130890309412211e-09
5.890879965876498753e-09
5.048229571776120553e-09
4.301753462293929897e-09
3.630357529270893459e-09
2.994775099022308872e-09
2.393984406617491011e-09
1.836564710331761057e-09
1.322653546811665904e-09
8.515829814512293536e-10
4.335143315770579296e-10
9.571899977823362536e-11
-1.908443359557098346e-10
-4.512880883677118010e-10
-6.922193270186958273e-10
-9.084889221931357837e-10
-1.105106292368738947e-09
-1.288953918761293381e-09
-1.461342896023440394e-09
-1.599959113969641921e-09
-1.722590652874496825e-09
-1.819314571488655530e-09
-1.884968646037783297e-09
-1.918919153334146224e-09
-1.940271798925763406e-09
-1.972791083262865233e-09
-2.019276700070838365e-09
-2.066240998215475701e-09
-2.115542601474057274e-09
-2.130490696939819648e-09
-2.110380970240896796e-09
-2.068423103012906878e-09
-2.027993328162379692e-09
-2.012363748417681060e-09
-2.008113764202149275e-09
-1.993794293567152162e-09
-1.978494684785318862e-09
-1.951723832334849895e-09
-1.914003548097555421e-09
-1.866218586250464645e-09
-1.823179374148512801e-09
-1.794961577826381295e-09
-1.760823312078832250e-09
-1.717000145581902216e-09
-1.670536402173574837e-09
-1.629415978656463703e-09
-1.595548045148233054e-09
-1.564892552117541161e-09
-1.528350860523763635e-09
-1.488547098378349942e-09
-1.446832590125528189e-09
-1.407279781228112136e-09
-1.361614231279990281e-09
-1.313292164226510800e-09
-1.284913484794075637e-09
-1.263082791796779357e-09
-1.227830989580424374e-09
-1.190854262459540934e-09
-1.161486614956787676e-09
-1.134941162269508986e-09
-1.096115210076150969e-09
-1.052460663826573234e-09
-1.020952743581663804e-09
-9.941786255967452060e-10
-9.638578901194315716e-10
-9.416299615687023422e-10
-9.289854876719749058e-10
-9.068314631558349166e-10
-8.781260930862310288e-10
-8.414883139623209438e-10
-8.012546621636970417e-10
-7.729650819671952176e-10
-7.515980286971784196e-10
-7.413477978421087596e-10
-7.378158479896478076e-10
-7.183155824758026666e-10
-6.954603720178211700e-10
-6.599850960274055534e-10
-6.191377153790335435e-10
-5.939817846549942788e-10
-5.791034141760710435e-10
-5.763257213908275562e-10
-5.714162322096173113e-10
-5.566273648702049370e-10
-5.305290546072822066e-10
-4.970980176296635374e-10
-4.624925730804616962e-10
-4.407332493886242322e-10
-4.285795376530476350e-10
-4.270206649841184475e-10
-4.198822523246107814e-10
-4.042353182002550398e-10
-3.752979082420677305e-10
-3.469083355624028603e-10
-3.200478885934552163e-10
-3.000121897945767427e-10
-2.880261266350104125e-10
-2.849653206652286125e-10
-2.779918908166662487e-10
-2.590566043798382476e-10
-2.311297029742368369e-10
-2.078061359205999377e-10
-1.875284845478220755e-10
-1.693226558238372302e-10
-1.579246282536884278e-10
-1.549851194316833628e-10
-1.469032998439036738e-10
-1.285600645526765949e-10
-1.061000861590428551e-10
-8.910639243292633920e-11
-7.507220349985427519e-11
-6.046398086326174035e-11
-5.303178037078797799e-11
-5.305867993850808095e-11
-4.477737611080834271e-11
-3.239826665821230600e-11
-1.901207837346880405e-11
-9.401272844011962821e-12
-3.270574913897399947e-12
4.484331784590855424e-12
5.088313581705498639e-12
7.928820417483330992e-13
4.693694668971408982e-12
9.140177457465811593e-12
1.279163689667780197e-11
1.391417873193966533e-11
1.281055728449479583e-11
1.390563483215257416e-11
7.645804632998319373e-12
1.488719132678373952e-12
1.837990253774939770e-13
-2.282319290278939034e-14
-2.149315475226258320e-12
-4.917227488796638128e-12
-7.537728928427783768e-12
-8.029195655969742761e-12
-1.422708849438664741e-11
-1.734487314456813634e-11
-1.762391351908351897e-11
-1.590968812609418543e-11
-1.555600216254011300e-11
-1.533058838928018586e-11
-1.347915609402571131e-11
-1.075371458897607235e-11
-1.188994443021258511e-11
-9.606957879729404018e-12
-6.856251970018199668e-12
-3.148671040093523781e-12
-8.098915810280985006e-13
4.111906764593209564e-13
2.751943404882822547e-12
3.725859590101482424e-12
1.901135380006116324e-12
2.399235335941222885e-12
1.749368283530062637e-12
1.235787074071345830e-12
3.333517909461355174e-13
-1.656219502476588346e-12
-2.053637514675561650e-12
-3.328359639139824535e-12
-5.009646054110560061e-12
-4.564958133722000887e-12
-4.073903797967198001e-12
-3.127188181661950169e-12
-1.846020486236127117e-12
-1.130464899806359778e-12
6.358542126510210160e-13
8.074171360785401705e-13
9.773065084660794706e-13
1.035885826689549677e-12
8.897656957116609354e-13
7.612031281691229631e-14
-6.227054061621493729e-13
-1.490496849531826032e-12
-1.434631432217903437e-12
-1.930752491991452845e-12
-1.529204759437200516e-12
-8.834455234778992988e-13
5.107821873728989416e-14
5.165398214888787507e-13
7.145140458928981779e-13
5.288653087486723764e-13
2.814082792162301291e-13
-5.943718521698059985e-13
-9.139140027009460195e-13
-1.029741287563069441e-12
-6.509667831419299424e-13
-2.103412426670131786e-13
1.913323664118534686e-13
4.608601698720955563e-13
3.912259593954616433e-13
-1.623402372576286627e-13
-4.344614794122187901e-13
-6.096635499695522196e-13
-3.987415659833135180e-13
-2.028689308654482752e-14
2.088698621129335137e-13
2.847327210017173924e-13
2.957707983109018903e-14
-3.479337058805410028e-13
-3.696111076844943158e-13
-1.792746098888924812e-13
1.128316463337893935e-13
2.218646500275205011e-13
-6.524320892051837389e-16
-1.905840034386590429e-13
-2.627640463459773024e-13
-5.511067323911984898e-14
1.461792197919282838e-13
1.039579007535175817e-13
-1.306479294876229375e-13
-1.928520596968998128e-13
-4.387850526457442059e-14
1.447686932358540372e-13
2.120607547096120184e-14
-1.407214990034147899e-13
-1.052882760727505637e-13
8.226937627463327631e-14
5.978900575537627087e-14
-9.689117684935802397e-14
-9.269757010031198901e-14
7.790770718451010603e-14
2.662035579134121668e-14
-9.356781593840470660e-14
-2.916250360488145492e-14
7.701193964681568494e-14
-4.174897893960179842e-14
-6.459905469957601598e-14
5.345777721486459715e-14
1.486576919421351545e-15
-7.426214576180978175e-14
5.192115658175510626e-14
-7.606001765498089749e-15
-5.122552965028240749e-14
4.670721354526152917e-14
-2.425406269661624251e-14
-2.571957817620582207e-14
4.605552976148064617e-14
-5.808922327893736913e-14
3.893418101270697396e-14
-2.315454272271060225e-14
-2.622504644236152955e-15
1.360048192736867568e-14
-2.631570868260950893e-14
2.603621700895019951e-14
-2.849502739543754166e-14
2.323304687909638477e-14
-2.209351881515625317e-14
1.674516849561482653e-14
-1.527276062927527742e-14
1.139131977138784292e-14
-1.031750394173509029e-14
7.889995039052632606e-15
-7.094554585176197647e-15
5.760399730432780466e-15
-5.023049596253672263e-15
4.470387117636362278e-15
-3.648302719958658998e-15
3.666924298692761288e-15
-2.692075797648912210e-15
3.146009550248820632e-15
-1.995262359532705594e-15
2.793699361241385968e-15
-1.466858464866615470e-15
2.545705944367044875e-15
-1.053177028696162047e-15
2.364689040436871119e-15
-7.211447067734567003e-16
2.228182323313387997e-15
-4.494324805506851959e-16
2.122185705879287894e-15
-2.236763264440804299e-16
2.037689358485771929e-15
-3.382078656319862306e-17
1.968727390071952418e-15
1.274137992382176720e-16
1.911249946381550696e-15
2.654506066902621309e-16
1.862447361411593820e-15
3.844287349762916709e-16
1.820332487960853019e-15
4.875723007196201506e-16
1.783475334328626509e-15
5.774361916534405920e-16
1.750830293382636982e-15
6.560745308101975241e-16
1.721621221495168636e-15
7.251592305256335759e-16
1.695263555252482635e-15
7.860654138679034555e-16
1.671310662999017843e-15
8.399342750709333298e-16
1.649416361170266626e-15
8.877202184867034898e-16
1.629308397322168009e-15
9.302268061838042303e-16
1.610769484909582376e-15
9.681345843592135903e-16
1.593623607299820816e-15
1.002022910818819997e-15
1.577726040811836897e-15
1.032387280365512878e-15
1.562956029940134908e-15
1.059653220996581968e-15
1.549211370303598970e-15
1.084187544068759582e-15
1.536404375689609068e-15
1.106307527733200966e-15
1.524458855189052029e-15
1.126288468632750702e-15
1.513307833179786219e-15
1.144369932612649247e-15
1.502891817789612059e-15
1.160760959104825471e-15
1.493157476962591713e-15
1.175644417015724505e-15
1.484056618452480436e-15
1.189180667892460870e-15
1.475545397583705168e-15
1.201510659430030003e-15
1.467583696440439307e-15
1.212758548413888332e-15
1.460134632411428352e-15
1.223033932081558158e-15
1.453164164915479835e-15
1.232433752916169394e-15
1.446640777006773823e-15
1.241043929166066175e-15
1.440535214095454623e-15
1.248940754612688819e-15
1.434820266929319348e-15
1.256192103197563097e-15
1.429470588491643544e-15
1.262858468310296676e-15
1.424462537722081516e-15
1.268993861272140005e-15
1.419774044059781591e-15
1.274646589907884650e-15
1.415384488729674916e-15
1.279859934435138778e-15
1.411274599323436121e-15
1.284672735470006807e-15
1.407426355342315087e-15
1.289119906394960043e-15
1.403822902657089098e-15
1.293232880674858264e-15
1.400448475537779679e-15
1.297040003102585276e-15
1.397288325004317808e-15
1.300566872487701186e-15
1.394328652733749115e-15
1.303836642341470428e-15
1.391556549760100797e-15
1.306870285165681716e-15
1.388959939433174255e-15
1.309686825070425723e-15
1.386527524208981681e-15
1.312303542846234402e-15
1.384248735940158699e-15
1.314736157044882323e-15
1.382113689287081369e-15
1.316998984104365083e-15
1.380113138137592176e-15
1.319105080149280438e-15
1.378238434652924250e-15
1.321066366779351356e-15
1.376481490917275591e-15
1.322893742770002438e-15
1.374834742914177053e-15
1.324597183447928576e-15
1.373291116753121160e-15
1.326185829223110770e-15
1.371843996936869762e-15
1.327668064559283617e-15
1.370487196631735533e-15
1.329051588515665793e-15
1.369214929761656245e-15
1.330343477840655780e-15
1.368021784836792928e-15
1.331550243537992910e-15
1.366902700435355858e-15
1.332677881557507033e-15
1.365852942187683420e-15
1.333731918354468228e-15
1.364868081255658282e-15
1.334717451857527606e-15
1.363943974130225934e-15
1.335639188360348165e-15
1.363076743729454560e-15
1.336501475788884822e-15
1.362262761689334258e-15
1.337308333737717767e-15
1.361498631778547442e-15
1.338063480598737793e-15
1.360781174382484004e-15
1.338770358123680131e-15
1.360107411949284960e-15
1.339432153669114897e-15
1.359474555391747683e-15
1.340051820356171113e-15
1.358879991321750160e-15
1.340632095369632286e-15
1.358321270125664477e-15
1.341175516576876400e-15
1.357796094764176351e-15
1.341684437643748730e-15
1.357302310294946183e-15
1.342161041765471013e-15
1.356837894042434248e-15
1.342607354173630752e-15
1.356400946381535593e-15
1.343025253531411100e-15
1.355989682085588913e-15
1.343416482299383884e-15
1.355602422206997670e-15
1.343782656197259157e-15
1.355237586447719456e-15
1.344125272811570549e-15
1.354893685992255614e-15
1.344445719458404751e-15
1.354569316755300479e-15
1.344745280340656834e-15
1.354263153038871935e-15
1.345025143082995793e-15
1.353973941546693417e-15
1.345286404678694262e-15
1.353700495766196928e-15
1.345530076927382021e-15
1.353441690645014733e-15
1.345757091389461666e-15
