# bin_2_1
1.264772248887042831e-05
1.244513129438510510e-05
1.264148267972336059e-05
1.245097863003282303e-05
1.263560063287813383e-05
1.245645302022113947e-05
1.263005273349449101e-05
1.246157585971847794e-05
1.262481671048190380e-05
1.246636701520246043e-05
1.261987154095294147e-05
1.247084492100979921e-05
1.261519736136344490e-05
1.247502666828109864e-05
1.261077538508088783e-05
1.247892808812952267e-05
1.260658782620442232e-05
1.248256382967445221e-05
1.260261782952298570e-05
1.248594743369207904e-05
1.259884940656447572e-05
1.248909140268456476e-05
1.259526737778410524e-05
1.249200726805311966e-05
1.259185732086915815e-05
1.249470565523358952e-05
1.258860552548710121e-05
1.249719634748292393e-05
1.258549895442519302e-05
1.249948834912879508e-05
1.258252521155703798e-05
1.250158994902443239e-05
1.257967251672189469e-05
1.250350878482115557e-05
1.257692968771503772e-05
1.250525190880988375e-05
1.257428612963493252e-05
1.250682585563775200e-05
1.257173183142379029e-05
1.250823671231755278e-05
1.256925736952566095e-05
1.250949019044386435e-05
1.256685391805153670e-05
1.251059170026080831e-05
1.256451326452543697e-05
1.251154642562138902e-05
1.256222782973877771e-05
1.251235939831827532e-05
1.255999068941927667e-05
1.251303556931619999e-05
1.255779559462175540e-05
1.251357987356182179e-05
1.255563698667915338e-05
1.251399728382501216e-05
1.255351000142322544e-05
1.251429284789408285e-05
1.255141045612125577e-05
1.251447170224030774e-05
1.254933481163808816e-05
1.251453905427986201e-05
1.254728010131199426e-05
1.251450012483949205e-05
1.254524381810985435e-05
1.251436004263435366e-05
1.254322375214393399e-05
1.251412368400137062e-05
1.254121777310804443e-05
1.251379545438206456e-05
1.253922355634992165e-05
1.251337901347514770e-05
1.253723825817631973e-05
1.251287695426183411e-05
1.253525815571509148e-05
1.251229045734772486e-05
1.253327827939552925e-05
1.251161895601573823e-05
1.253129208099418952e-05
1.251085986296022982e-05
1.252929119579364528e-05
1.251000842424406718e-05
1.252726537013397929e-05
1.250905777583838055e-05
1.252520263090480860e-05
1.250799927709614095e-05
1.252308976444682696e-05
1.250682317640069111e-05
1.252091314144016657e-05
1.250551961982596731e-05
1.251865986494266994e-05
1.250407993867025052e-05
1.251631912869052821e-05
1.250249804809411452e-05
1.251388355891633593e-05
1.250077167063127985e-05
1.251135019766543654e-05
1.249890299646905821e-05
1.250872071009198454e-05
1.249689835853013412e-05
1.250600042254739360e-05
1.249476659956311837e-05
1.250319598748591140e-05
1.249251609889173848e-05
1.250031186687123442e-05
1.249015092064268129e-05
1.249734639751699443e-05
1.248766715627497375e-05
1.249428879422174790e-05
1.248505103048766962e-05
1.249111875232350050e-05
1.248228035101113540e-05
1.248780992703413734e-05
1.247933002142339583e-05
1.248433718937615988e-05
1.247618047073510407e-05
1.248068532540235316e-05
1.247282548275551373e-05
1.247685468181737002e-05
1.246927439387771159e-05
1.247285888821104968e-05
1.246554485733396042e-05
1.246871293290590221e-05
1.246164746964496770e-05
1.246441653633634862e-05
1.245757090114912540e-05
1.245994438909851576e-05
1.245328029332613589e-05
1.245525459301591821e-05
1.244873567691498633e-05
1.245031444195304189e-05
1.244391995404703547e-05
1.244512358683952853e-05
1.243884994790881579e-05
1.243970754141440645e-05
1.243355113701799939e-05
1.243407822232952639e-05
1.242801448380393885e-05
1.242820128789450150e-05
1.242218791286961530e-05
1.242201917171261730e-05
1.241602728799845596e-05
1.241551379611355878e-05
1.240954587604240111e-05
1.240871832313600465e-05
1.240277662137324154e-05
1.240164036329026207e-05
1.239568934493585034e-05
1.239421651767182370e-05
1.238821385843186431e-05
1.238640105351064907e-05
1.238034997320582454e-05
1.237823032512113515e-05
1.237213692048184717e-05
1.236970499673250418e-05
1.236352165312421226e-05
1.236074203419003258e-05
1.235444321305595816e-05
1.235133871632462205e-05
1.234494544810940687e-05
1.234152729758101012e-05
1.233499807784467160e-05
1.233122175128541920e-05
1.232452660236232518e-05
1.232041698057218092e-05
1.231357787049477960e-05
1.230912913404980092e-05
1.230208831967724350e-05
1.229726516825725814e-05
1.229002836323924841e-05
1.228486535648094701e-05
1.227741272873265806e-05
1.227185734002840104e-05
1.226415578421258319e-05
1.225823768737912245e-05
1.225029343904871611e-05
1.224396776733547806e-05
1.223573389129728890e-05
1.222902214292205740e-05
1.222050543606313356e-05
1.221336085960263115e-05
1.220452338729361891e-05
1.219697070151871089e-05
1.218779643145220282e-05
1.217978492467860870e-05
1.217026799583988761e-05
1.216180770920780861e-05
1.215189744846224253e-05
1.214297243028692540e-05
1.213267295923182758e-05
1.212324413045902835e-05
1.211253289270520656e-05
1.210260133932843857e-05
1.209143566581775786e-05
1.208099083309672876e-05
1.206935266713136416e-05
1.205836279029753932e-05
1.204623951856663662e-05
1.203467774671149212e-05
1.202204543419972837e-05
1.200989318868078436e-05
1.199672208531889797e-05
1.198396098824474540e-05
1.197022189460993930e-05
1.195683041593041860e-05
1.194249547099643038e-05
1.192844956712467724e-05
1.191349110179918338e-05
1.189876528208374145e-05
1.188315502850890324e-05
1.186772284013839730e-05
1.185143167475452431e-05
1.183526581290600938e-05
1.181826373382493602e-05
1.180133603545473932e-05
1.178359219684338075e-05
1.176587362449509956e-05
1.174735637363876406e-05
1.172881701414319382e-05
1.170949392415414629e-05
1.169010300297590116e-05
1.166994090486382114e-05
1.164966681330490839e-05
1.162863183152868227e-05
1.160744216501434576e-05
1.158549975946530733e-05
1.156336136636801458e-05
1.154047638287378645e-05
1.151735542413474952e-05
1.149349215512687513e-05
1.146935417540036213e-05
1.144447643220100719e-05
1.141928644352757546e-05
1.139335764166196474e-05
1.136708022086383957e-05
1.134006347982006367e-05
1.131266288095141974e-05
1.128452113985994156e-05
1.125596142315518388e-05
1.122665757392251773e-05
1.119690275278254423e-05
1.116639979227726737e-05
1.113541399991124630e-05
1.110367520286280695e-05
1.107142288026721050e-05
1.103841199458113930e-05
1.100485810158163278e-05
1.097053956780547952e-05
1.093564981890544608e-05
1.089998901557901002e-05
1.086373014234476711e-05
1.082669365893461415e-05
1.078903370059150959e-05
1.075058963962840213e-05
1.071149826343532751e-05
1.067161657333549229e-05
1.063106542613173173e-05
1.058971826596971476e-05
1.054768135803350372e-05
1.050484349523501999e-05
1.046129761724027216e-05
1.041694685875123743e-05
1.037187203213428346e-05
1.032598968908006503e-05
1.027936964950952135e-05
1.023194103465684082e-05
1.018376374750815932e-05
1.013477870395428794e-05
1.008503690969745705e-05
1.003449036810377765e-05
9.983182154281220697e-06
9.931074714607354866e-06
9.878204109578652366e-06
9.824542641622573992e-06
9.770120223442623890e-06
9.714918478515850952e-06
9.658961990159679000e-06
9.602241213888914115e-06
9.544776173507502691e-06
9.486565707027815877e-06
9.427625998989358017e-06
9.367963852658156969e-06
9.307592281785511987e-06
9.246525661997346697e-06
9.184774449662694531e-06
9.122360215403586947e-06
9.059291412020781530e-06
8.995596433521121756e-06
8.931282217561978953e-06
8.866383604891183440e-06
8.800906433976124821e-06
8.734891598838368879e-06
8.668344173921703686e-06
8.601310683511321630e-06
8.533795682998683758e-06
8.465850860914615758e-06
8.397480398137293777e-06
8.328740624531518640e-06
8.259635379927460620e-06
8.190225041922557419e-06
8.120513021277359371e-06
8.050563066066863203e-06
7.980377939179638308e-06
7.910023987154712636e-06
7.839502968448690121e-06
7.768882953406438337e-06
7.698164198627122212e-06
7.627415518020342963e-06
7.556635030729835786e-06
7.485891212531218058e-06
7.415179282147701985e-06
7.344566207728677749e-06
7.274043438798512745e-06
7.203675204542824031e-06
7.133448245822909192e-06
7.063422800738587016e-06
6.993579942806746077e-06
6.923974704899159188e-06
6.854581585406962054e-06
6.785449314139577717e-06
6.716545047499057009e-06
6.647910329024852799e-06
6.579504456484321930e-06
6.511361234935865333e-06
6.443431962131143263e-06
6.375742612403890502e-06
6.308236850492750049e-06
6.240933319068046488e-06
6.173769053340605023e-06
6.106756572151524172e-06
6.039828024648384430e-06
5.972991802990925995e-06
5.906177706091240385e-06
5.839392799723135084e-06
5.772567829411617024e-06
5.705712050373157554e-06
5.638761061750758554e-06
5.571730315120566155e-06
5.504564476997705798e-06
5.437289303821493493e-06
5.369862573576546217e-06
5.302323993888749466e-06
5.234647685232332567e-06
5.166889777971263992e-06
5.099042391889699633e-06
5.031178592889716266e-06
4.963307813137400444e-06
4.895517896499756728e-06
4.827831958023970882e-06
4.760347365352283283e-06
4.693094158321414481e-06
4.626170998859577399e-06
4.559605460085149091e-06
4.493487217418154703e-06
4.427830745236596016e-06
4.362706274048661472e-06
4.298105639577903688e-06
4.234071713652863378e-06
4.170568236133228021e-06
4.107608427306916073e-06
4.045129477085865974e-06
3.983120748562248944e-06
3.921503105662459594e-06
3.860256464807878594e-06
3.799303316776722806e-06
3.738634465665685798e-06
3.678195137201551314e-06
3.618006873640890720e-06
3.558053949929101545e-06
3.498399100955396787e-06
3.439068177161061516e-06
3.380158240777764686e-06
3.321719942656201529e-06
3.263858756700576813e-06
3.206617297240519550e-06
3.150073421550006192e-06
3.094227423502096153e-06
3.039102664371981479e-06
2.984643105675249753e-06
2.930820746719254680e-06
2.877545357826829598e-06
2.824777290546121141e-06
2.772444053189119111e-06
2.720549545558062240e-06
2.669085995046540342e-06
2.618127881346110151e-06
2.567730007925661007e-06
2.518002594495941346e-06
2.468999893767452854e-06
2.420789634479080627e-06
2.373352191431395058e-06
2.326666789709663911e-06
2.280639151528374557e-06
2.235210863936126754e-06
2.190305140458346074e-06
2.145932192026549358e-06
2.102115460412111520e-06
2.058957775017309473e-06
2.016530565677059590e-06
1.974913156495947751e-06
1.934088335085409268e-06
1.894015772418748132e-06
1.854585812290689625e-06
1.815740575539497466e-06
1.777444751413592360e-06
1.739769591335243536e-06
1.702792886350473914e-06
1.666609283914772672e-06
1.631209256730553484e-06
1.596537493540847517e-06
1.562473990948621800e-06
1.528974570613259232e-06
1.496053511485289511e-06
1.463823293778675663e-06
1.432349052271654147e-06
1.401634908662469604e-06
1.371566963682535801e-06
1.342061108604809884e-06
1.313096464519819736e-06
1.284773376021182547e-06
1.257155534788923802e-06
1.230232213316631880e-06
1.203888522820603720e-06
1.178081703131490439e-06
1.152850305992633727e-06
1.128279330478998873e-06
1.104324718715938763e-06
1.080892944197506191e-06
1.057943102181066777e-06
1.035577394817368618e-06
1.013836881628018807e-06
9.926472022872639709e-07
9.719053640737324613e-07
9.516647098995985632e-07
9.319693965329282284e-07
9.127595646609223738e-07
8.939624713593624722e-07
8.756658093767451105e-07
8.578940693175335452e-07
8.405533456599142671e-07
8.236041666725942551e-07
8.071197328870102266e-07
7.910316825564649354e-07
7.752933963880252504e-07
7.599746675899354030e-07
7.450751155514174031e-07
7.305207608559167977e-07
7.163614479293720126e-07
7.025435556595226909e-07
6.890281936194974309e-07
6.758472935792093689e-07
6.629587625084733069e-07
6.503752871645750946e-07
6.381376235387337882e-07
6.261805551812105372e-07
6.145249148397009881e-07
6.031122794788120159e-07
5.919516959383307221e-07
5.810204377572519492e-07
5.703128712831092894e-07
5.598577638495468585e-07
5.496517612334673048e-07
5.396868341797005681e-07
5.299271127698593391e-07
5.203572775028233788e-07
5.109645960583690007e-07
5.017350679599317890e-07
4.926739748543691988e-07
4.838096780717144538e-07
4.751426033169202600e-07
4.666546634385777125e-07
4.583218258794832493e-07
4.501194376456299322e-07
4.420449708288171686e-07
4.340820438546423531e-07
4.262498404807193586e-07
4.185771701333976683e-07
4.110618529632118516e-07
4.036809835286865110e-07
3.964136495681688851e-07
3.892374719312311402e-07
3.821523470316879338e-07
3.751440627071694118e-07
3.682457836527523166e-07
3.614809850547029805e-07
3.548460705717162324e-07
3.483111202925640284e-07
3.418607672509666987e-07
3.354782535486474327e-07
3.291609173484744981e-07
3.228982974056116027e-07
3.167348704198974081e-07
3.106921560852715716e-07
3.047636850768280165e-07
2.989129926373899324e-07
2.931254952096472139e-07
2.873914423629597301e-07
2.817042898271478780e-07
2.760610806970737564e-07
2.705150076447324781e-07
2.650817583140611952e-07
2.597517903918480439e-07
2.544870279719846665e-07
2.492731249497533322e-07
2.441046805325068019e-07
2.389691560255254809e-07
2.338768918550888381e-07
2.288866574425325783e-07
2.240003520472237019e-07
2.192074483954318746e-07
2.144748484305357274e-07
2.097839415472785673e-07
2.051344852001813361e-07
2.005126421279477300e-07
1.959397922693970615e-07
1.914733275706309873e-07
1.871046880742346954e-07
1.828181173892812454e-07
1.785856702783186971e-07
1.743930558582349113e-07
1.702413227161544974e-07
1.661143201308900927e-07
1.620490862676628266e-07
1.580871450888422696e-07
1.542177370433141784e-07
1.504149294549698455e-07
1.466630121869353920e-07
1.429562831890977966e-07
1.392903552147475377e-07
1.356482429003350125e-07
1.320765900549447182e-07
1.286053626336133302e-07
1.252212214702697420e-07
1.218926768338920592e-07
1.186113238668669876e-07
1.153826139477115553e-07
1.121940345742187322e-07
1.090319322499515725e-07
1.059467769681008723e-07
1.029533811084889472e-07
1.000376435406911875e-07
9.717063987866173103e-08
9.434857972001200705e-08
9.158352815239650339e-08
8.885228911506060809e-08
8.615175806616626825e-08
8.353150400246291756e-08
8.098499705093836043e-08
7.850313533201184672e-08
7.606903737465518580e-08
7.367632159799791923e-08
7.134290448400820654e-08
6.904148554767763523e-08
6.677779419502362987e-08
6.459326389494359498e-08
6.247032328985688141e-08
6.040229209097554815e-08
5.838233118159182269e-08
5.640641450979416629e-08
5.449128682759210501e-08
5.260568709795236324e-08
5.076827724908354501e-08
4.899775064423056793e-08
4.728228518821626728e-08
4.561000553881731261e-08
4.398488333072675939e-08
4.240609731376192521e-08
4.088189994622979557e-08
3.938102852994366475e-08
3.792526775137177212e-08
3.651470982726123581e-08
3.514180595482260009e-08
3.379173765467663668e-08
3.247008401066493813e-08
3.117957203001428277e-08
2.991914012329182921e-08
2.866484726040631000e-08
2.743781544575115914e-08
2.623024842918108283e-08
2.504370253608826083e-08
2.387241278014697330e-08
2.272617795518495416e-08
2.161622681686859428e-08
2.054000497184790268e-08
1.948792288722857199e-08
1.847865237190340555e-08
1.749987508803497745e-08
1.655792029104543024e-08
1.565153802569810456e-08
1.478219558776053018e-08
1.395751607545776422e-08
1.316757806978236798e-08
1.240464296197768321e-08
1.167584208191129287e-08
1.096907818856380511e-08
1.029076369677523150e-08
9.643047143913082307e-09
9.026720092740211779e-09
8.449945909010875976e-09
7.904409275619881066e-09
7.388033189746326576e-09
6.896729414739826887e-09
6.424587029317019142e-09
5.972586034673382532e-09
5.542122974698662243e-09
5.131212470965579662e-09
4.744634320338936630e-09
4.378056273343262004e-09
4.032487983512509661e-09
3.703525113921288843e-09
3.393054982947097531e-09
3.103028745197222480e-09
2.833674254921260087e-09
2.581540015807771569e-09
2.347318811657284057e-09
2.127125851640170730e-09
1.917100966305040769e-09
1.713163173547933327e-09
1.519020196969496083e-09
1.338892494807724932e-09
1.173913144920767452e-09
1.022187923880719914e-09
8.848927510825150130e-10
7.613559603708885958e-10
6.466437140285141703e-10
5.385380267277359448e-10
4.363299366536142311e-10
3.394480419378644110e-10
2.469174983188733202e-10
1.599549195106624103e-10
8.510474632281512635e-11
2.299472385036585071e-11
-3.401168089714754363e-11
-8.752203469419451072e-11
-1.374000831812614718e-10
-1.811615637637215409e-10
-2.191225815938647295e-10
-2.558321188873902927e-10
-2.904991836037037906e-10
-3.227641840411465651e-10
-3.524710193879204351e-10
-3.750272494015587620e-10
-3.909152151984099873e-10
-4.031779214926743879e-10
-4.145611285388632875e-10
-4.271259033779425663e-10
-4.390119886742231834e-10
-4.516853569456367544e-10
-4.617951852377884250e-10
-4.664271183065295756e-10
-4.671240913839007274e-10
-4.666441724634430422e-10
-4.675932142458021394e-10
-4.709408104849508871e-10
-4.704715970646581133e-10
-4.672127534804265653e-10
-4.648139351792773086e-10
-4.631706493097362503e-10
-4.591246591197356810e-10
-4.546045224231638609e-10
-4.511120710700627344e-10
-4.465227657325942023e-10
-4.403005005409354581e-10
-4.334497094657874126e-10
-4.257782419873070252e-10
-4.189159804479616951e-10
-4.131596629534879611e-10
-4.068157183680544470e-10
-3.995339091335967163e-10
-3.918781500486265618e-10
-3.840283004618708661e-10
-3.773948607013673874e-10
-3.670916465633631460e-10
-3.575210194413049122e-10
-3.499996206716652744e-10
-3.409490070361471188e-10
-3.320750193890353002e-10
-3.242206592135639642e-10
-3.167030919959208142e-10
-3.078942269210456621e-10
-2.975249556554003973e-10
-2.864380263567471585e-10
-2.758686534576933704e-10
-2.658095122925911667e-10
-2.571112115069720302e-10
-2.488863531468811311e-10
-2.409847910968611026e-10
-2.306187371235236712e-10
-2.201386418177737976e-10
-2.076790984966555345e-10
-1.960270091134898968e-10
-1.859190860777827577e-10
-1.772461301665576346e-10
-1.693823594602286482e-10
-1.605774053955362340e-10
-1.503843679060935097e-10
-1.390849631818162390e-10
-1.269756989801386076e-10
-1.158057396732462954e-10
-1.063202609537203980e-10
-9.840472453408798474e-11
-9.130939864461221673e-11
-8.355421034766887000e-11
-7.427201303848651469e-11
-6.404195117494895919e-11
-5.418238241968453273e-11
-4.535782251952984303e-11
-3.806746800832397304e-11
-3.263281530532621071e-11
-2.804716555594572233e-11
-2.302602095092083197e-11
-1.657613437701440903e-11
-1.000927400547968918e-11
-4.381879117110333753e-12
1.290787190908547901e-13
3.249839759751290616e-12
4.483831932586345412e-12
4.826485815559226897e-12
6.012525018962917603e-12
7.968519094034949321e-12
9.577475695458656502e-12
1.023041320857426752e-11
1.005514163165318455e-11
8.976781792013728982e-12
6.342775551759571910e-12
3.436544498828331770e-12
1.813665428077338939e-12
8.072690424834903605e-13
-4.610748446446447469e-13
-2.100846020263044408e-12
-3.663827134326904185e-12
-5.342506424416299252e-12
-8.026743716726559219e-12
-9.992414132279473116e-12
-1.045432893495709669e-11
-9.984466553618266313e-12
-9.565333517965698895e-12
-9.132135520302880077e-12
-8.119744655507302029e-12
-7.102184063321859937e-12
-6.909463406724253656e-12
-5.819088610832132470e-12
-4.025769592229901829e-12
-1.911493202616125695e-12
-3.090544988041342281e-13
7.892853037863929757e-13
1.991062481041292212e-12
2.389179763471965480e-12
1.730870362225750330e-12
1.629213658462072983e-12
1.343744302254308645e-12
9.848037849609022341e-13
3.407815036239975096e-13
-6.747755717458182050e-13
-1.207744441113192365e-12
-2.058910635804071458e-12
-2.994701640221358672e-12
-2.918498156174815099e-12
-2.547761259168338598e-12
-1.901681934640308121e-12
-1.136160533213836211e-12
-5.114678941871569127e-13
4.153743330706875385e-13
6.216880662935739238e-13
6.646365108100432398e-13
7.148436849059219359e-13
6.009746956682427420e-13
1.512001683715484094e-13
-3.414085803497201232e-13
-8.241294770006582308e-13
-9.017381075926995936e-13
-1.176372617411046884e-12
-1.000358001239396506e-12
-5.531414027098848884e-13
3.776344454329933473e-14
3.789993362898413998e-13
4.950767042349655750e-13
4.095554992336524035e-13
2.107368918420870335e-13
-3.432143279337489489e-13
-5.966346087453759958e-13
-6.498373581560228226e-13
-4.092392802046586496e-13
-1.135521928657205850e-13
1.388801715478648435e-13
3.273133410808918862e-13
2.702364352424616216e-13
-9.110230413516089027e-14
-2.802529646616933354e-13
-3.806478986421991280e-13
-2.456872635946801105e-13
-5.615760005258376957e-16
1.401012168493545076e-13
1.973625031816909881e-13
2.871069658738025675e-14
-2.217217060850433927e-13
-2.343165698248795477e-13
-1.062207970390199910e-13
7.961020409696954884e-14
1.483127494289131705e-13
1.197993754408643421e-16
-1.136317901249473605e-13
-1.650442457302063917e-13
-3.502984616890758319e-14
9.679712772935833381e-14
7.362390581083987342e-14
-8.092955586145364022e-14
-1.228304828177638542e-13
-2.932465758540321675e-14
9.998116596403208134e-14
1.520270803569483503e-14
-8.971671494705829496e-14
-6.748408591165582335e-14
5.621458891527710397e-14
3.994882041728887173e-14
-6.151918925645990485e-14
-6.001828155016779507e-14
5.350557620111581406e-14
1.626585351300152738e-14
-5.860876393396369385e-14
-1.875916987903090795e-14
5.057110895843698419e-14
-2.637410754168093102e-14
-4.136726827129670993e-14
3.440674872603977179e-14
2.359299442357609818e-15
-4.910286779247219847e-14
3.473010870509863844e-14
-5.259023774715369638e-15
-3.304905525774398868e-14
3.034420907190277141e-14
-1.577327161103804444e-14
-1.681346054346217953e-14
2.989067261097245383e-14
-3.796918862431610951e-14
2.520674293043271714e-14
-1.532822350839646565e-14
-1.870138321879134085e-15
8.504451986474501738e-15
-1.731703844513059883e-14
1.652638584333996201e-14
-1.876629392017277629e-14
1.464862435752837985e-14
-1.463478570445060147e-14
1.038677880817278491e-14
-1.023125286052146174e-14
6.872594194174423883e-15
-7.040382046831122724e-15
4.570673165450668346e-15
-4.974386719798165753e-15
3.166260949646869696e-15
-3.654871910034967657e-15
2.311870171219738905e-15
-2.785925399903511199e-15
1.776964564501510464e-15
-2.186629982920061922e-15
1.428219514213271437e-15
-1.753662998560313105e-15
1.191058611006234215e-15
-1.428039962759448103e-15
1.023313993935100026e-15
-1.175057382883797086e-15
9.004210765754727183e-16
-9.734124080696987156e-16
8.075442419353717507e-16
-8.094265740612281550e-16
7.353955049764108888e-16
-6.739343786562238523e-16
6.779644749066317632e-16
-5.605549587837495421e-16
6.312459252396543616e-16
-4.646957810359302753e-16
5.925013819773381476e-16
-3.829558832901971040e-16
5.598158702986304420e-16
-3.127549713959143159e-16
5.318233771992961972e-16
-2.520948008952656134e-16
5.075319499466503521e-16
-1.994007359448483986e-16
4.862094485165296798e-16
-1.534134873081327332e-16
4.673072558220316148e-16
-1.131132014530760619e-16
4.504083393592698763e-16
-7.766498323591620138e-17
4.351912852065658340e-16
-4.637897801956380383e-17
4.214050166025287629e-16
-1.868057181306934167e-17
4.088507859202948784e-16
5.912228792201162065e-18
3.973691951239386598e-16
2.780622441094814902e-17
3.868307409538973922e-16
4.734662961867042972e-17
3.771288611062450239e-16
6.482782323853987029e-17
3.681747745551191346e-16
8.050193203994213664e-17
3.598936215481976119e-16
9.458574958354940804e-17
3.522215533699354918e-16
1.072663603152569015e-16
3.451035217426673346e-16
1.187057458686207944e-16
3.384915872860866237e-16
1.290445832802998521e-16
3.323436156802426793e-16
1.384053960515379351e-16
3.266222651783541111e-16
1.468951825316896867e-16
3.212941943141607540e-16
1.546076192715097781e-16
3.163294370260918678e-16
1.616249162634522514e-16
3.117009056228003610e-16
1.680193854774270794e-16
3.073839920356166640e-16
1.738547719277255978e-16
3.033562449258391849e-16
1.791873870276716884e-16
2.995971057516750431e-16
1.840670766869513226e-16
2.960876908187107284e-16
1.885380505940867685e-16
2.928106095458794579e-16
1.926395945504336275e-16
2.897498113088405030e-16
1.964066838619384761e-16
2.868904550953300741e-16
1.998705127959312467e-16
2.842187974371341768e-16
2.030589526077958769e-16
2.817220951661142746e-16
2.059969486214826534e-16
2.793885202259806549e-16
2.087068651569004313e-16
2.772070844650022297e-16
2.112087857421061117e-16
2.751675726877226024e-16
2.135207749126290202e-16
2.732604826733619351e-16
2.156591068770375300e-16
2.714769710863799227e-16
2.176384656459852557e-16
2.698088044572017305e-16
2.194721204483705008e-16
2.682483145243409621e-16
2.211720797508309347e-16
2.667883574114319161e-16
2.227492267140819026e-16
2.654222761626761213e-16
2.242134385145495937e-16
2.641438662801663199e-16
2.255736916110111109e-16
2.629473439302342539e-16
2.268381547589491940e-16
2.618273165640946297e-16
2.280142713312541538e-16
2.607787557247755676e-16
2.291088322792320521e-16
2.597969718431243535e-16
2.301280408892949405e-16
2.588775908460351949e-16
2.310775703546552413e-16
2.580165324439263696e-16
2.319626150279518553e-16
2.572099899461765079e-16
2.327879361144502860e-16
2.564544114971717172e-16
2.335579024715090319e-16
2.557464826211412836e-16
2.342765270857629921e-16
2.550831099837738486e-16
2.349474997334837456e-16
2.544614062754898614e-16
2.355742162683837921e-16
2.538786761432796302e-16
2.361598049137967426e-16
2.533324030873792015e-16
2.367071499049342984e-16
2.528202372671048817e-16
2.372189127726646302e-16
2.523399841399138563e-16
2.376975515302410558e-16
2.518895938822877445e-16
2.381453379921652264e-16
2.514671515379973314e-16
2.385643734267416892e-16
2.510708678394709541e-16
2.389566027208104130e-16
2.506990706584783998e-16
2.393238272129042428e-16
2.503501970422345474e-16
2.396677163333043273e-16
2.500227857911111897e-16
2.399898181753830807e-16
2.497154705448712761e-16
2.402915691058467917e-16
2.494269733371008787e-16
2.405743025110943393e-16
2.491560985899128102e-16
2.408392567649389355e-16
2.489017275121100465e-16
2.410875824946668864e-16
2.486628128797203346e-16
2.413203492143395338e-16
2.484383741633791350e-16
2.415385513837027439e-16
2.482274929879818621e-16
2.417431139488651201e-16
2.480293088923034425e-16
2.419348974131053684e-16
2.478430153719568404e-16
2.421147024804373294e-16
2.476678561863176067e-16
2.422832743113816385e-16
2.475031219080456382e-16
2.424413064270413537e-16
2.473481467005996215e-16
2.425894442909578308e-16
2.472023053071623035e-16
2.427282886002452730e-16
2.470650102369648431e-16
2.428583983114439800e-16
