# bin_1_1
6.527238555573140761e-06
6.404949509235712536e-06
6.523469812646665253e-06
6.408515284538320454e-06
6.519921820653416453e-06
6.411853631374033240e-06
6.516580035366332537e-06
6.414978087495699155e-06
6.513430777888070335e-06
6.417901224407802520e-06
6.510461173218096842e-06
6.420634711272782101e-06
6.507659093021622335e-06
6.423189374112817554e-06
6.505013102721572826e-06
6.425575250793536620e-06
6.502512412383490486e-06
6.427801642302721449e-06
6.500146831604879754e-06
6.429877160770690076e-06
6.497906728034790951e-06
6.431809774709590067e-06
6.495782989683564634e-06
6.433606851978771222e-06
6.493766990842472826e-06
6.435275200819921820e-06
6.491850561722456599e-06
6.436821109473648287e-06
6.490025961763598674e-06
6.438250384795704716e-06
6.488285856788848278e-06
6.439568390269331107e-06
6.486623299912155165e-06
6.440780083834153054e-06
6.485031716379057429e-06
6.441890055776005134e-06
6.483504892294183237e-06
6.442902567106250400e-06
6.482036967248969979e-06
6.443821588461234000e-06
6.480622430658053642e-06
6.444650839633995235e-06
6.479256121610280802e-06
6.445393829597497576e-06
6.477933231673066150e-06
6.446053896583201287e-06
6.476649310038988399e-06
6.446634247546246112e-06
6.475400269788992448e-06
6.447137995894264714e-06
6.474182393938126861e-06
6.447568195929316944e-06
6.472992339174585306e-06
6.447927871905592267e-06
6.471827134863917685e-06
6.448220039044090502e-06
6.470684174185381760e-06
6.448447713303677965e-06
6.469561193855333880e-06
6.448613906192166172e-06
6.468456238425837191e-06
6.448721600693671899e-06
6.467367605173538651e-06
6.448773704447107503e-06
6.466293765780242249e-06
6.448772977004285676e-06
6.465233262242551390e-06
6.448721929457940753e-06
6.464184576322289089e-06
6.448622697314291614e-06
6.463145975118552020e-06
6.448476891380011480e-06
6.462115339855981200e-06
6.448285436616038440e-06
6.461089991014211170e-06
6.448048415588704739e-06
6.460066529901973428e-06
6.447764940364138405e-06
6.459040724110156038e-06
6.447433083637097668e-06
6.458007470309243295e-06
6.447049904524081346e-06
6.456960870435117340e-06
6.446611604043252455e-06
6.455894453066013077e-06
6.446113836464958197e-06
6.454801557471928694e-06
6.445552181971436497e-06
6.453675870021174623e-06
6.444922750985742698e-06
6.452512060434567469e-06
6.444222841964785157e-06
6.451306412005987183e-06
6.443451518782255161e-06
6.450057285659819435e-06
6.442609925872890590e-06
6.448765221983683856e-06
6.441701142929552377e-06
6.447432496270980688e-06
6.440729426877041451e-06
6.446062029625466287e-06
6.439698824331510394e-06
6.444655744095407117e-06
6.438611368929680719e-06
6.443212717502337825e-06
6.437465364355814742e-06
6.441727771842156294e-06
6.436254487505281698e-06
6.440191273944448279e-06
6.434968453629719051e-06
6.438590749577125762e-06
6.433595584556742666e-06
6.436914269536177924e-06
6.432126749451123128e-06
6.435154521537086979e-06
6.430559037075978279e-06
6.433311466430684673e-06
6.428896805155280336e-06
6.431391296367373154e-06
6.427148320180383922e-06
6.429400877251775797e-06
6.425318579627002454e-06
6.427339973372622831e-06
6.423402346243432213e-06
6.425196657114510343e-06
6.421383364334703639e-06
6.422951217275337085e-06
6.419242937489757514e-06
6.420588190756701676e-06
6.416973008900636640e-06
6.418107212483165296e-06
6.414581367975636503e-06
6.415520032041100217e-06
6.412079891172689679e-06
6.412832102390202264e-06
6.409464366743778695e-06
6.410027281930076696e-06
6.406710451073054800e-06
6.407078527617569776e-06
6.403797435883195863e-06
6.403977184753041344e-06
6.400731396611704686e-06
6.400738553596744835e-06
6.397527652880951626e-06
6.397366068678388781e-06
6.394172080513029284e-06
6.393829992079491545e-06
6.390631805379333886e-06
6.390108754122947908e-06
6.386906580420582712e-06
6.386219119164037619e-06
6.383014621049464302e-06
6.382161261075329648e-06
6.378931084617937349e-06
6.377896234966403665e-06
6.374627344457050515e-06
6.373422523613306386e-06
6.370123704219967486e-06
6.368755006446276630e-06
6.365405922164419429e-06
6.363853336580375425e-06
6.360439030429232714e-06
6.358714870991413675e-06
6.355244708255812124e-06
6.353346952593664083e-06
6.349793134773294961e-06
6.347705908769192373e-06
6.344070261787886725e-06
6.341810274393140809e-06
6.338082778334635962e-06
6.335626047073171042e-06
6.331790477025467063e-06
6.329151327388257505e-06
6.325209884167057642e-06
6.322367833563364487e-06
6.318297900523603300e-06
6.315263377355668228e-06
6.311067465450811741e-06
6.307819028021468024e-06
6.303478769593412055e-06
6.300028282295025522e-06
6.295535576896735567e-06
6.291859669122271725e-06
6.287211159904982764e-06
6.283314788006159952e-06
6.278486234971855049e-06
6.274362177871584970e-06
6.269354927066047538e-06
6.264985150107448533e-06
6.259788102294923335e-06
6.255173283280226893e-06
6.249765971060705351e-06
6.244901319765150632e-06
6.239274772739364991e-06
6.234145573503279227e-06
6.228293366804038417e-06
6.222887170210210711e-06
6.216797601611026283e-06
6.211105789833014823e-06
6.204764449259881964e-06
6.198778469582970832e-06
6.192171207857503158e-06
6.185881008831589066e-06
6.178994303421461388e-06
6.172388633324358702e-06
6.165209051809265204e-06
6.158275956479168655e-06
6.150789786155935854e-06
6.143516835323248847e-06
6.135709961900065256e-06
6.128084300578826787e-06
6.119942196202588065e-06
6.111950541719618165e-06
6.103458279602624183e-06
6.095086913897442159e-06
6.086229184192815453e-06
6.077463952993436176e-06
6.068225076633621826e-06
6.059051395859754655e-06
6.049415338089988355e-06
6.039818206181421268e-06
6.029768591705958285e-06
6.019732607048795403e-06
6.009252738163263568e-06
5.998762121359147245e-06
5.987835000040319182e-06
5.976873621140091021e-06
5.965481975855976176e-06
5.954033386895105309e-06
5.942159704811690482e-06
5.930207178117213248e-06
5.917833743353844220e-06
5.905360316178542550e-06
5.892469254773212732e-06
5.879457780878473057e-06
5.866031113146257953e-06
5.852464322006719769e-06
5.838484023004454806e-06
5.824344587351973884e-06
5.809792656192752815e-06
5.795063268654609040e-06
5.779921807443732120e-06
5.764585267059082945e-06
5.748836570244876601e-06
5.732875879664856543e-06
5.716502534611552186e-06
5.699901008796967056e-06
5.682886008387306986e-06
5.665627395611915207e-06
5.647954263672272017e-06
5.630022879614136976e-06
5.611675809917375445e-06
5.593056685571685587e-06
5.574020695109687080e-06
5.554699739176707539e-06
5.534960836296426136e-06
5.514925012579804233e-06
5.494470380438015342e-06
5.473707900626285218e-06
5.452526096227473770e-06
5.431026628211248109e-06
5.409107797042446333e-06
5.386862688633290330e-06
5.364198794584108729e-06
5.341201312134504906e-06
5.317786381979516287e-06
5.294031962942282810e-06
5.269862344149436015e-06
5.245348862044803804e-06
5.220423492042156947e-06
5.195151531604210072e-06
5.169472215872067769e-06
5.143445355306777600e-06
5.117017050745494135e-06
5.090242147034035145e-06
5.063073245973190139e-06
5.035560717980541673e-06
5.007663326930755044e-06
4.979427429720829695e-06
4.950817635514470675e-06
4.921876717721691103e-06
4.892574832042891777e-06
4.862951566410888617e-06
4.832982337886681630e-06
4.802703913173744132e-06
4.772096694214023720e-06
4.741194954618229585e-06
4.709983808098429817e-06
4.678495324234377143e-06
4.646719052990848967e-06
4.614685106351384015e-06
4.582387186421599906e-06
4.549853647322227787e-06
4.517082044077511141e-06
4.484099121504981210e-06
4.450905966521556158e-06
4.417527807355552480e-06
4.383968913353036631e-06
4.350253028445743419e-06
4.316387220278282187e-06
4.282393716292834894e-06
4.248281958287127689e-06
4.214072557540647895e-06
4.179776862009612463e-06
4.145413698455238362e-06
4.110995807631029212e-06
4.076539996230911014e-06
4.042059840860732673e-06
4.007569830660070333e-06
3.973083783791054509e-06
3.938613522661052040e-06
3.904172487298478814e-06
3.869769449061291538e-06
3.835416843754231970e-06
3.801119996369315707e-06
3.766889733228810083e-06
3.732727559439990821e-06
3.698642143741898506e-06
3.664630861665603214e-06
3.630699779036282622e-06
3.596841946909458777e-06
3.563060539619052687e-06
3.529344261880839907e-06
3.495693324517534773e-06
3.462092299011716559e-06
3.428538638058930680e-06
3.395013287505373867e-06
3.361511479023837361e-06
3.328011382885994071e-06
3.294506915606509641e-06
3.260974688488222454e-06
3.227408583405618788e-06
3.193785220840548895e-06
3.160100061774732905e-06
3.126331584824104022e-06
3.092478671861687317e-06
3.058523647589761448e-06
3.024470702534742311e-06
2.990307912086667448e-06
2.956046446030723449e-06
2.921681651690402104e-06
2.887232799305992917e-06
2.852703291456403793e-06
2.818120705461226170e-06
2.783496186470074108e-06
2.748864579969602426e-06
2.714243086991513483e-06
2.679671339343680494e-06
2.645169448221989784e-06
2.610777965360581991e-06
2.576515540374013605e-06
2.542418826951738820e-06
2.508500067130923898e-06
2.474787122831978720e-06
2.441281398030476136e-06
2.407998264461548377e-06
2.374925768928542292e-06
2.342065725018638600e-06
2.309393576465308931e-06
2.276900290335101646e-06
2.244553513834673787e-06
2.212340102468493892e-06
2.180228319389249146e-06
2.148210406366215840e-06
2.116265122390668401e-06
2.084399361724327958e-06
2.052610013042432382e-06
2.020923495259163487e-06
1.989356014599337922e-06
1.957950293227715633e-06
1.926734023415421357e-06
1.895754108852191687e-06
1.865034391277461165e-06
1.834609109043000778e-06
1.804482238182138330e-06
1.774662776600349420e-06
1.745128286530362202e-06
1.715863970445098782e-06
1.686831319325910211e-06
1.658010281577191724e-06
1.629370548848801460e-06
1.600912610930021634e-06
1.572636346521704651e-06
1.544575452194472303e-06
1.516759050547801968e-06
1.489237810063473694e-06
1.462040642850298240e-06
1.435198633180012558e-06
1.408706185893075591e-06
1.382553207698945848e-06
1.356699116873645282e-06
1.331116275162667712e-06
1.305772082228312868e-06
1.280670990284491775e-06
1.255827144718975653e-06
1.231288499845122323e-06
1.207091800543137176e-06
1.183274457075790339e-06
1.159832046462821860e-06
1.136746348318085064e-06
1.113969622852851819e-06
1.091475241658417899e-06
1.069249707491511903e-06
1.047326461534204908e-06
1.025744739306330058e-06
1.004549351343038239e-06
9.837393352924286649e-07
9.632901564524642766e-07
9.431494157565638136e-07
9.232974516627729805e-07
9.037436374322672002e-07
8.845406335091112422e-07
8.657211531896688874e-07
8.472878079022368881e-07
8.291907579941486689e-07
8.113924947548071091e-07
7.938867852714029696e-07
7.767214860513082003e-07
7.599284078402016740e-07
7.435024858724893266e-07
7.273919572873671065e-07
7.115776953897165500e-07
6.960807541715990868e-07
6.809424457440198012e-07
6.661449301008816219e-07
6.516450035531889796e-07
6.374248710700174777e-07
6.235321044098964299e-07
6.099875655868991561e-07
5.967573293277695140e-07
5.837954359278657089e-07
5.711274777571477822e-07
5.587758520032175798e-07
5.467128426853581698e-07
5.349051350174467060e-07
5.233928452686165151e-07
5.121883785992866379e-07
5.012485537213637614e-07
4.905562366113618830e-07
4.801452139925154824e-07
4.699843789826886384e-07
4.600518863793690693e-07
4.503801358180942786e-07
4.409674358751849048e-07
4.317796715857094031e-07
4.228403419770609875e-07
4.141245315167608551e-07
4.056128262362599068e-07
3.973204185013913538e-07
3.892270441879858032e-07
3.813372915278488226e-07
3.736683630103236123e-07
3.661897700834365420e-07
3.589107292262927133e-07
3.518035615521109648e-07
3.448707982301463428e-07
3.381014506550445743e-07
3.314917200887369762e-07
3.250528844998482722e-07
3.187817333497559310e-07
3.126738632072944697e-07
3.067115398970087869e-07
3.008869430495945380e-07
2.951921787977921140e-07
2.896201436661105855e-07
2.841714801422793582e-07
2.788569722185482890e-07
2.736754882974916731e-07
2.686175390784886129e-07
2.636707636044683799e-07
2.588230752704274660e-07
2.540713358877053750e-07
2.494071988483172161e-07
2.448374976399986531e-07
2.403734399584392291e-07
2.360127111455962230e-07
2.317438056518452899e-07
2.275559486218767399e-07
2.234381065053330332e-07
2.193885763618173270e-07
2.154001131032411098e-07
2.114858752730236155e-07
2.076552550331065350e-07
2.039053453225107651e-07
2.002218480352294327e-07
1.965966132151576671e-07
1.930212883472710718e-07
1.894935071028472708e-07
1.860079424391720331e-07
1.825833004704947911e-07
1.792284614919442949e-07
1.759395570930688901e-07
1.726995153132992682e-07
1.695007190158940868e-07
1.663380008106631428e-07
1.632077120399171181e-07
1.601082932430944829e-07
1.570630104923869142e-07
1.540785837858737098e-07
1.511500491097183673e-07
1.482595478921653277e-07
1.453994628786251840e-07
1.425665671566760015e-07
1.397550084800919737e-07
1.369697295093117373e-07
1.342372461999595495e-07
1.315586114160118002e-07
1.289284965888626790e-07
1.263309380433588571e-07
1.237561974512334429e-07
1.212033428367759341e-07
1.186664607958388447e-07
1.161562356168290759e-07
1.136993923554048706e-07
1.112926328806444102e-07
1.089280268302381461e-07
1.065913666234331854e-07
1.042745311404806973e-07
1.019772640700892420e-07
9.969323751453667953e-08
9.744097051900435316e-08
9.524086087613863451e-08
9.308847181147910399e-08
9.097070755219768955e-08
8.887827401241347778e-08
8.680675262026541041e-08
8.475354670011496341e-08
8.271243974227654197e-08
8.070718830629110045e-08
7.875362817503277305e-08
7.684555382760736345e-08
7.496635908292680495e-08
7.310957976125433659e-08
7.127587607289209125e-08
6.945909640654600074e-08
6.765494873259447087e-08
6.588997980356269328e-08
6.417363895613431121e-08
6.249864280135958843e-08
6.084879673943168409e-08
5.921985156221610609e-08
5.761591263997778441e-08
5.602613178589611449e-08
5.445170825985330659e-08
5.291994069777564451e-08
5.143023903010454823e-08
4.997690971795453500e-08
4.854902073715866552e-08
4.714145714149160140e-08
4.576145405574304742e-08
4.439610900692932604e-08
4.305110472008033029e-08
4.175053041409117754e-08
4.048717550272145584e-08
3.925552631953273574e-08
3.804938705293205475e-08
3.686528072078929347e-08
3.571023368117572195e-08
3.456912619971924224e-08
3.345427243025224871e-08
3.237902831020291788e-08
3.133741840102534562e-08
3.032118505158521977e-08
2.933060492547880186e-08
2.836522830846477532e-08
2.742834647740969625e-08
2.650440445260336008e-08
2.560815924119777131e-08
2.474333116747893593e-08
2.390468061521099988e-08
2.308156895189178710e-08
2.227544500053849344e-08
2.148787594375715169e-08
2.071630501042135038e-08
1.994740376372660768e-08
1.919567602897030482e-08
1.845917476378141995e-08
1.773680188987220902e-08
1.702280476444691066e-08
1.632195246691099400e-08
1.564114103705259884e-08
1.497661932029492111e-08
1.432287444620225081e-08
1.369369590214206434e-08
1.308252285480849655e-08
1.249124921736121330e-08
1.191759130838809779e-08
1.136232963895148203e-08
1.083143159085063774e-08
1.031737705362094765e-08
9.816618095718916995e-09
9.336936953356864443e-09
8.870402238909676221e-09
8.419758797675898259e-09
7.985641050378794194e-09
7.568382802199560869e-09
7.173769632272576926e-09
6.794081635563521877e-09
6.429204854720682515e-09
6.078881048098876246e-09
5.738649176456494220e-09
5.408601683071851583e-09
5.090423376161706644e-09
4.783666149259290675e-09
4.492083285312049041e-09
4.210409121209842170e-09
3.941289810535203977e-09
3.682859895010413259e-09
3.435585085605124854e-09
3.199385128245092149e-09
2.975133389557427609e-09
2.761770130630515142e-09
2.560481180608619349e-09
2.367382369784547738e-09
2.182409887593759557e-09
2.002428434620409132e-09
1.829805652855442540e-09
1.666801633470981057e-09
1.514937692376895415e-09
1.373663008584384563e-09
1.242895833935473016e-09
1.120774956516413654e-09
1.005967825184931240e-09
8.959298336995602174e-10
7.912540067268672114e-10
6.918880359603199958e-10
5.975265706330929450e-10
5.097564302111960899e-10
4.315342942203544194e-10
3.621034458542260713e-10
2.976128641111297694e-10
2.361443528743996523e-10
1.780923293975214401e-10
1.248367375499402791e-10
7.659217133643223982e-11
3.181169037151941335e-11
-9.346545459285053698e-12
-4.693934402566691447e-11
-8.221504895867768174e-11
-1.134038364333047426e-10
-1.401524828415203573e-10
-1.632637399000057038e-10
-1.842726250980763080e-10
-2.040539270755756743e-10
-2.221349665656402654e-10
-2.398201423437218722e-10
-2.555880944536608395e-10
-2.677496977535481536e-10
-2.768487070128874117e-10
-2.845424388792189640e-10
-2.923297845080198410e-10
-3.004087615502718747e-10
-3.055399501819369759e-10
-3.087701025249758411e-10
-3.121267546565117060e-10
-3.151887056737494089e-10
-3.162541769775372328e-10
-3.165726942459482898e-10
-3.175830113791669945e-10
-3.178834109656401353e-10
-3.164066770786007799e-10
-3.142099642896259679e-10
-3.115728002066086277e-10
-3.089177898722994258e-10
-3.059079120874341960e-10
-3.024777341020716280e-10
-2.989867078291183464e-10
-2.950462667645579555e-10
-2.906807213750452091e-10
-2.869895095688417191e-10
-2.810543544216618775e-10
-2.750878082557406237e-10
-2.698570418462750208e-10
-2.635975248125859333e-10
-2.576428878705038038e-10
-2.520727971800616781e-10
-2.463807930336575838e-10
-2.403742022845422742e-10
-2.331348880155489062e-10
-2.255799766095849851e-10
-2.181728254557619419e-10
-2.106711159139999502e-10
-2.038926663950514124e-10
-1.970075973658463483e-10
-1.902798909464607182e-10
-1.823681480569337331e-10
-1.745527424505796006e-10
-1.658776548589376559e-10
-1.575904537185919786e-10
-1.496777000724791783e-10
-1.423009319271700662e-10
-1.350924146706576776e-10
-1.275570677329761825e-10
-1.193530970441561462e-10
-1.108912269569546665e-10
-1.022230367480136424e-10
-9.404450628976707727e-11
-8.638835725342307864e-11
-7.937687350224605024e-11
-7.278130704196043423e-11
-6.601589705854236220e-11
-5.861112618229072458e-11
-5.095241399318275874e-11
-4.366132452727945994e-11
-3.698080637853658057e-11
-3.102461959365899913e-11
-2.608485217580720460e-11
-2.171816926323341488e-11
-1.726618603217484194e-11
-1.234038615262138816e-11
-7.476945739653504469e-12
-3.180542863795025296e-12
2.613678796006573083e-13
2.776578467188510391e-12
4.147539697226561699e-12
4.904296849023356790e-12
5.940269529083661255e-12
7.173120982957088733e-12
8.235600176152811354e-12
8.742358051671072460e-12
8.473256481181713952e-12
7.477242063169444513e-12
5.569220244904879755e-12
3.519691024276494548e-12
2.038823323923169464e-12
9.484257126114807402e-13
-1.520699052978685898e-13
-1.402045760180182116e-12
-2.803223173641391043e-12
-4.358080823446619854e-12
-6.328739950657305182e-12
-7.785994150228913348e-12
-8.313304291556238239e-12
-8.104039446860853165e-12
-7.749120876657844132e-12
-7.273021645287290109e-12
-6.559680753036508340e-12
-5.862618073917893080e-12
-5.495092578760032310e-12
-4.617272564056554024e-12
-3.204459856333517754e-12
-1.544270786664261312e-12
-2.100236458105949865e-13
8.007085082948423488e-13
1.670779777082026271e-12
1.950235019180186961e-12
1.562181881183203135e-12
1.378991488869176183e-12
1.157694301686204393e-12
8.586769876521501501e-13
3.092662343160760547e-13
-4.336649410773795603e-13
-9.677228674024241105e-13
-1.670775745940197398e-12
-2.381690571629360628e-12
-2.386572911796356129e-12
-2.072942012817104414e-12
-1.530257445552533510e-12
-9.223367853494540495e-13
-3.519516539692535062e-13
3.325277853196683618e-13
5.389601208078466655e-13
5.574144470825056955e-13
6.005088227459661131e-13
4.967997701732871611e-13
1.544261171635387320e-13
-2.648503884545462309e-13
-6.321163705713893679e-13
-7.399560903210157439e-13
-9.427048714584787128e-13
-8.267606857661991400e-13
-4.484154982523751696e-13
2.867586522700961009e-14
3.248697093055715989e-13
4.150996777898626901e-13
3.583166003368251163e-13
1.777650749696957690e-13
-2.671897369832533399e-13
-4.937315286704952522e-13
-5.281824068072613932e-13
-3.347933734667529402e-13
-8.639109324061983996e-14
1.179084374767182344e-13
2.782154531573861107e-13
2.252521713430163546e-13
-6.903664001288632764e-14
-2.315775053822036613e-13
-3.079978253765979621e-13
-1.991355669116332598e-13
3.436727103786856828e-15
1.162482464590031577e-13
1.664025747068507300e-13
2.559610628153657797e-14
-1.803439305818069085e-13
-1.919758305421218363e-13
-8.390727270637599775e-14
6.689883828180174425e-14
1.235501200288926728e-13
4.420195973262865601e-17
-9.028750157155580375e-14
-1.344611950373781056e-13
-2.826217555132074137e-14
7.984340786591494755e-14
6.273547928369615974e-14
-6.567918642184233305e-14
-1.000747236152190499e-13
-2.459985760059455281e-14
8.430015766157866014e-14
1.276202475032182427e-14
-7.303435154003820742e-14
-5.547638122870280085e-14
4.738598453463952063e-14
3.303036043760309079e-14
-4.990620869869242507e-14
-4.949460914769127311e-14
4.517298424898606354e-14
1.295190688736794038e-14
-4.730712828416384327e-14
-1.551031383447808281e-14
4.205858878980213117e-14
-2.159170684636023023e-14
-3.359421017024314864e-14
2.812171748791295744e-14
2.624261229962582300e-15
-4.074770533321509223e-14
2.913440769623296480e-14
-4.487010974657409676e-15
-2.688229621471726486e-14
2.491782809133240895e-14
-1.274213443375021657e-14
-1.391272199117180380e-14
2.482668826049745237e-14
-3.134857375656758871e-14
2.094641359869388029e-14
-1.272065088128235293e-14
-1.367829265995163332e-15
6.888967258988231557e-15
-1.410256587400330172e-14
1.348235018359574735e-14
-1.531103170225266520e-14
1.192808978560768338e-14
-1.192464564456794109e-14
8.414167196490497978e-15
-8.314249557230334447e-15
5.518275691835693717e-15
-5.701776818814439002e-15
3.622139339730914265e-15
-4.014602032021629447e-15
2.466042371980155356e-15
-2.941018194396940827e-15
1.763522303874714657e-15
-2.237355514799243727e-15
1.324537453590009629e-15
-1.754690715097995842e-15
1.039162208573399390e-15
-1.408017723141017689e-15
8.458877673970346530e-16
-1.148847295836791715e-15
7.099183409228741831e-16
-9.486835567930674427e-16
6.109714581291458386e-16
-7.900611366049270159e-16
5.367887915408659455e-16
-6.617872529610917167e-16
4.796897407193802634e-16
-5.563791527312416915e-16
4.346999215297635126e-16
-4.686409833992158201e-16
3.985017818412540505e-16
-3.948436961805333008e-16
3.688253731112243830e-16
-3.322340756851061055e-16
3.440824539779236230e-16
-2.787297905349394811e-16
3.231397226890148314e-16
-2.327233742100851241e-16
3.051742402909831410e-16
-1.929522065049095367e-16
2.895789085834175375e-16
-1.584097832829790194e-16
2.758992884735258836e-16
-1.282835900038153558e-16
2.637905364854417445e-16
-1.019105881410503301e-16
2.529875461919191722e-16
-7.874465529581317455e-17
2.432839303672875370e-16
-5.833232395407171335e-17
2.345170269882776704e-16
-4.029440194571585810e-17
2.265570744491856743e-16
-2.431184097909420335e-17
2.192993127084786655e-16
-1.011472674788301880e-17
2.126581634620763932e-16
2.526400990151970804e-18
2.065629040012051060e-16
1.380746402546683720e-17
2.009544249211389395e-16
2.389640786300437617e-17
1.957827813312919589e-16
3.293771329059327234e-17
1.910053297347685941e-16
4.105608351145757549e-17
1.865853003378879833e-16
4.835947800484693147e-17
1.824906953573819023e-16
5.494162411643653011e-17
1.786934328407917556e-16
6.088410771808742855e-17
1.751686765359192196e-16
6.625812213728845734e-17
1.718943075163123932e-16
7.112593776667282751e-17
1.688505044057404603e-16
7.554214204774286257e-17
1.660194072103274820e-16
7.955468957273557837e-17
1.633848459023592241e-16
8.320579444274442181e-17
1.609321193917811146e-16
8.653269094591050867e-17
1.586478139111022327e-16
8.956828386865352512e-17
1.565196524480549054e-16
9.234170594307414162e-17
1.545363687341493494e-16
9.487879690195023246e-17
1.526876008153551048e-16
9.720251612695576598e-17
1.509638003300143616e-16
9.933329886771187830e-17
1.493561544756124562e-16
1.012893644240460031e-16
1.478565183114236942e-16
1.030869832561641030e-16
1.464573555413999235e-16
1.047407089737042363e-16
1.451516863314620113e-16
1.062635801718019824e-16
1.439330409781788191e-16
1.076672963315499022e-16
1.427954185357189855e-16
1.089623714014262182e-16
1.417332496372020504e-16
1.101582680899124437e-16
1.407413629279263706e-16
1.112635154904353579e-16
1.398149546150419113e-16
1.122858122705435709e-16
1.389495607471219790e-16
1.132321173267287791e-16
1.381410318815973907e-16
1.141087295563899137e-16
1.373855098843471683e-16
1.149213581583655906e-16
1.366794066120098646e-16
1.156751846619456078e-16
1.360193843005918063e-16
1.163749177594164233e-16
1.354023374821086736e-16
1.170248418312931293e-16
1.348253762900217813e-16
1.176288599494283545e-16
1.342858110316441384e-16
1.181905320562498960e-16
1.337811379121806058e-16
1.187131088833460819e-16
1.333090258128293530e-16
1.191995621543948597e-16
1.328673040490768856e-16
1.196526114903955789e-16
1.324539510103195443e-16
1.200747484314401723e-16
1.320670836348187415e-16
1.204682578963799560e-16
1.317049476360129291e-16
1.208352373915711197e-16
1.313659084376618643e-16
1.211776142186359253e-16
1.310484427545455831e-16
1.214971609141394576e-16
1.307511307789358500e-16
1.217955091223578012e-16
1.304726489226513741e-16
1.220741620715453056e-16
1.302117630763793004e-16
1.223345058106205341e-16
1.299673223472358616e-16
1.225778193429072009e-16
1.297382532429457079e-16
1.228052837743574155e-16
1.295235542651230487e-16
1.230179905851151355e-16
1.293222908865092940e-16
1.232169491097985622e-16
1.291335908821801274e-16
1.234030933214615720e-16
1.289566399906481206e-16
1.235772879788026997e-16
1.287906778761251765e-16
1.237403342109372489e-16
1.286349943807685402e-16
1.238929745915308154e-16
1.284889260308744721e-16
1.240358977573253565e-16
1.283518527939518752e-16
1.241697426125230467e-16
1.282231950561697635e-16
1.242951021622003064e-16
1.281024108131970530e-16
1.244125270088439815e-16
1.279889930516635400e-16
1.245225285467863624e-16
1.278824673138373991e-16
1.246255818802365055e-16
1.277823894274011372e-16
1.247221284927011528e-16
1.276883433922208510e-16
1.248125786914141650e-16
1.275999394093493248e-16
1.248973138451834230e-16
1.275168120453958848e-16
1.249766884371524734e-16
