# bin_4_1
1.916396233223339397e-05
1.893799689000111907e-05
1.915694308708708308e-05
1.894444598353002736e-05
1.915031609084101984e-05
1.895047302486113907e-05
1.914405448301973795e-05
1.895610125358744685e-05
1.913813285402248676e-05
1.896135216256536840e-05
1.913252713704568966e-05
1.896624560279427108e-05
1.912721450771445600e-05
1.897079988133400585e-05
1.912217329128332855e-05
1.897503185288317197e-05
1.911738287722120324e-05
1.897895700625640026e-05
1.911282364131666823e-05
1.898258954686996651e-05
1.910847687536619538e-05
1.898594247594580949e-05
1.910432472474696500e-05
1.898902766780708211e-05
1.910035013396117865e-05
1.899185594613721879e-05
1.909653680089615802e-05
1.899443716042287347e-05
1.909286913985019804e-05
1.899678026358445193e-05
1.908933225417030935e-05
1.899889339196867680e-05
1.908591191879851481e-05
1.900078394863948198e-05
1.908259457322366472e-05
1.900245869089727517e-05
1.907936732517444620e-05
1.900392382265865163e-05
1.907621796517761290e-05
1.900518509209844924e-05
1.907313499161876938e-05
1.900624789433550183e-05
1.907010764558638593e-05
1.900711737853129870e-05
1.906712595395862654e-05
1.900779855758161528e-05
1.906418077823135253e-05
1.900829641781179955e-05
1.906126386538332183e-05
1.900861602440326656e-05
1.905836789560035624e-05
1.900876261686605469e-05
1.905548651984234699e-05
1.900874168680505614e-05
1.905261437843314785e-05
1.900855902837891132e-05
1.904974708969892579e-05
1.900822074971639692e-05
1.904688119594003906e-05
1.900773323207572262e-05
1.904401405267177575e-05
1.900710302243977765e-05
1.904114364670997776e-05
1.900633664579817300e-05
1.903826833007359404e-05
1.900544032572015570e-05
1.903538646043877441e-05
1.900441960733492802e-05
1.903249594624026238e-05
1.900327888599784651e-05
1.902959370591623069e-05
1.900202085899973392e-05
1.902667506735562992e-05
1.900064593653969679e-05
1.902373315504641207e-05
1.899915167187742179e-05
1.902075833759486195e-05
1.899753229667738586e-05
1.901773783446506923e-05
1.899577847224883894e-05
1.901465560233483543e-05
1.899387738378973897e-05
1.901149263011994638e-05
1.899181330285291578e-05
1.900822775630049157e-05
1.898956871092330196e-05
1.900483906974419286e-05
1.898712600164746315e-05
1.900130585475940986e-05
1.898446965259800750e-05
1.899761088882138873e-05
1.898158858232322689e-05
1.899374270923865637e-05
1.897847820845630703e-05
1.898969727046571153e-05
1.897514155108523214e-05
1.898547828701717811e-05
1.897158866914623352e-05
1.898109559887860924e-05
1.896783388630506251e-05
1.897656121726394474e-05
1.896389075468983120e-05
1.897188337816089226e-05
1.895976554062352729e-05
1.896705989749325583e-05
1.895545104870013659e-05
1.896207312186782285e-05
1.895092343725936435e-05
1.895688928259065684e-05
1.894614469360130613e-05
1.895146440657760151e-05
1.894107197661822203e-05
1.894575660469117345e-05
1.893567187752373760e-05
1.893974078121826401e-05
1.892993364265015843e-05
1.893341815499024108e-05
1.892387285019116747e-05
1.892681236386292059e-05
1.891751912575685227e-05
1.891994926018886915e-05
1.891089011456744854e-05
1.891282878652580208e-05
1.890396635046401639e-05
1.890540851025106737e-05
1.889668860796560117e-05
1.889761797587599957e-05
1.888898912330949265e-05
1.888940236181937428e-05
1.888083893790949382e-05
1.888076163510422697e-05
1.887226651612061644e-05
1.887173946673954944e-05
1.886331490131454657e-05
1.886235640497875489e-05
1.885396866240045797e-05
1.885255467183150104e-05
1.884413958728484051e-05
1.884223727294890167e-05
1.883375304804451236e-05
1.883137415333602260e-05
1.882283164135347312e-05
1.882002194298454831e-05
1.881143118167393958e-05
1.880819389118861364e-05
1.879950057477866715e-05
1.879578306217319480e-05
1.878692113190711825e-05
1.878271257553539275e-05
1.877369278497560451e-05
1.876904450614476437e-05
1.875988210576306524e-05
1.875478037033645603e-05
1.874539940282470460e-05
1.873978006115906698e-05
1.873014177063343595e-05
1.872403957113909920e-05
1.871418375369205572e-05
1.870761398365035851e-05
1.869747429017368139e-05
1.869035814131496360e-05
1.867988761706590589e-05
1.867226405524481929e-05
1.866150344230302303e-05
1.865335958594081583e-05
1.864221446943339189e-05
1.863348780493645485e-05
1.862197110433470249e-05
1.861271756253717101e-05
1.860079870236828613e-05
1.859092694188220891e-05
1.857855280120594471e-05
1.856811087473310998e-05
1.855529474594474405e-05
1.854420461527539726e-05
1.853086968353303459e-05
1.851916589273373045e-05
1.850532616450980555e-05
1.849292780711690682e-05
1.847852148303151925e-05
1.846546884868747410e-05
1.845047107336064904e-05
1.843667685993406901e-05
1.842107995338821143e-05
1.840655985821776873e-05
1.839028015231676907e-05
1.837500601767586914e-05
1.835805256115756741e-05
1.834195717472441537e-05
1.832429379235872308e-05
1.830737808386933326e-05
1.828893447421156494e-05
1.827117979436137713e-05
1.825192728389723879e-05
1.823327918307234420e-05
1.821319828136018591e-05
1.819361074585477915e-05
1.817266275880615375e-05
1.815210390092909137e-05
1.813024026103716432e-05
1.810867865020876673e-05
1.808585170464451506e-05
1.806325068819591298e-05
1.803941504121570484e-05
1.801573382558108698e-05
1.799084440502059202e-05
1.796603986240340748e-05
1.794005058856173562e-05
1.791407807938743957e-05
1.788694143797537207e-05
1.785975499927936968e-05
1.783142201139786533e-05
1.780297434875566961e-05
1.777339463768985061e-05
1.774363710086576269e-05
1.771275896372538245e-05
1.768164154820064409e-05
1.764941202054358502e-05
1.761688339623103603e-05
1.758324831601258605e-05
1.754925587847285369e-05
1.751415995635095875e-05
1.747864989753994611e-05
1.744203679859033189e-05
1.740495419625986260e-05
1.736676663669557244e-05
1.732805556293154196e-05
1.728823542467209151e-05
1.724783907484481491e-05
1.720632754046324853e-05
1.716418838434614100e-05
1.712092609483965852e-05
1.707698605197038175e-05
1.703191328983040629e-05
1.698611393142596918e-05
1.693917083156899875e-05
1.689145361149707657e-05
1.684258040272080742e-05
1.679288692019062875e-05
1.674202419993263598e-05
1.669029649670272658e-05
1.663738554197516628e-05
1.658356643697941036e-05
1.652854955442892922e-05
1.647258301879343405e-05
1.641540393687740022e-05
1.635723551232389939e-05
1.629783981858627583e-05
1.623741708218579211e-05
1.617575270854572063e-05
1.611302578667810057e-05
1.604904354549190409e-05
1.598396567966668300e-05
1.591761985306808089e-05
1.585014801994661681e-05
1.578139700458345741e-05
1.571149259207955213e-05
1.564029960082211347e-05
1.556792914152237644e-05
1.549426296297860272e-05
1.541939892527361910e-05
1.534323474097401942e-05
1.526585637718229618e-05
1.518717663504408393e-05
1.510727088440055767e-05
1.502606622549691844e-05
1.494362866810689701e-05
1.485989890179617280e-05
1.477493475746687648e-05
1.468868987751708745e-05
1.460121504071300056e-05
1.451247627212686761e-05
1.442251837108422326e-05
1.433131923382433596e-05
1.423891869804314618e-05
1.414530606971599166e-05
1.405051718557013657e-05
1.395455234030115716e-05
1.385744426932242399e-05
1.375920386450818414e-05
1.365986159299035588e-05
1.355943856934265509e-05
1.345796375128742374e-05
1.335546810462499490e-05
1.325197975278115216e-05
1.314753912847639289e-05
1.304217410044187750e-05
1.293593415347479818e-05
1.282884737177634370e-05
1.272097182728432125e-05
1.261233616438832547e-05
1.250300650587656196e-05
1.239301225775548443e-05
1.228242696338516791e-05
1.217128082931549824e-05
1.205965407178925076e-05
1.194757755449727215e-05
1.183513727816791274e-05
1.172236441858099184e-05
1.160934970999715998e-05
1.149612407634762022e-05
1.138278175334489475e-05
1.126935261722062117e-05
1.115593297905221585e-05
1.104255063353532982e-05
1.092930234290079830e-05
1.081621255279074982e-05
1.070337666264711636e-05
1.059081428663109613e-05
1.047861748301217603e-05
1.036679937503191235e-05
1.025544658400692587e-05
1.014456396782670467e-05
1.003423057147529606e-05
9.924441189083879581e-06
9.815265211447116481e-06
9.706685670638700604e-06
9.598760426644907721e-06
9.491459310613614049e-06
9.384827151367189038e-06
9.278819593112898719e-06
9.173467516269890779e-06
9.068712066147025045e-06
8.964570069605220560e-06
8.860968770477282267e-06
8.757911881884236161e-06
8.655314479167015905e-06
8.553169354483215479e-06
8.451382465514980269e-06
8.349939271369914674e-06
8.248741072134374388e-06
8.147771000505259377e-06
8.046931510952802101e-06
7.946209678596837200e-06
7.845516006812037286e-06
7.744848644920789831e-06
7.644133582450124594e-06
7.543387345858223737e-06
7.442558544543459807e-06
7.341688555831612327e-06
7.240754297435180864e-06
7.139826378641382235e-06
7.038912919231397143e-06
6.938114660089094244e-06
6.837469659180167635e-06
6.737104948152284664e-06
6.637082043027380900e-06
6.537544933534215979e-06
6.438566572293919521e-06
6.340293303430397818e-06
6.242792837154442832e-06
6.146195641890177717e-06
6.050545324298475363e-06
5.955937948147007679e-06
5.862376113012271857e-06
5.769907479299921809e-06
5.678483995875184507e-06
5.588100902996883247e-06
5.498662286944806979e-06
5.410121296486984914e-06
5.322352331986370762e-06
5.235292047183602158e-06
5.148817021099736817e-06
5.062883485023665643e-06
4.977407623000195876e-06
4.892400418436769557e-06
4.807846547482805732e-06
4.723830222567705336e-06
4.640409025386779480e-06
4.557728152550298727e-06
4.475888292646157480e-06
4.395049638680319203e-06
4.315297772120149896e-06
4.236744050928857117e-06
4.159398275422052938e-06
4.083275468297465151e-06
4.008285017433647395e-06
3.934351392419880839e-06
3.861323056230921064e-06
3.789104517082405760e-06
3.717575497118276443e-06
3.646718402042909637e-06
3.576527404172076296e-06
3.507110511878743707e-06
3.438572280194441308e-06
3.371084276370358308e-06
3.304749349794236606e-06
3.239663918984837437e-06
3.175799356737445878e-06
3.113095800601594465e-06
3.051392389186930794e-06
2.990563774423702706e-06
2.930480684689278950e-06
2.871140779973177898e-06
2.812592740931566731e-06
2.754999044630274899e-06
2.698492815331377883e-06
2.643194732470278522e-06
2.589079946411379560e-06
2.536057438243287486e-06
2.483938914299800507e-06
2.432604200148340668e-06
2.381998401576776330e-06
2.332232326738861374e-06
2.283452009054044207e-06
2.235809695140314779e-06
2.189295070215654648e-06
2.143793810173642930e-06
2.099099506811573664e-06
2.055119701884863367e-06
2.011888713646633622e-06
1.969595012762757265e-06
1.928364030334528249e-06
1.888191584733101243e-06
1.848883222015984264e-06
1.810277025038163959e-06
1.772343607459422050e-06
1.735251073002080741e-06
1.699123218773396890e-06
1.663934051074263854e-06
1.629490909566395027e-06
1.595709966324756213e-06
1.562668422938099467e-06
1.530508184595783111e-06
1.499160523314585525e-06
1.468453919024035221e-06
1.438328453197659839e-06
1.408961722392003921e-06
1.380437846020931044e-06
1.352619384754409670e-06
1.325333998137215229e-06
1.298671839134540988e-06
1.272721979438527707e-06
1.247374675459491071e-06
1.222513830067548684e-06
1.198294456234867873e-06
1.174771860065138264e-06
1.151775541205763817e-06
1.129246343943084365e-06
1.107312938094066712e-06
1.085865333064835905e-06
1.064818781185082417e-06
1.044310078507861080e-06
1.024339642864392144e-06
1.004787421267449278e-06
9.857393637907409407e-07
9.671117683121322136e-07
9.488363625359923937e-07
9.309799911140553252e-07
9.134666146112112844e-07
8.963316202897049947e-07
8.796483682365457309e-07
8.633111561045319958e-07
8.473562825146114241e-07
8.316909463636681913e-07
8.163326777613957734e-07
8.012502297207378351e-07
7.864320878004922276e-07
7.719405195035930551e-07
7.577692012093272013e-07
7.439131730569428664e-07
7.303094776603502621e-07
7.169413612874127580e-07
7.037882822196387063e-07
6.908322414715643935e-07
6.780806077917049397e-07
6.655919516636937804e-07
6.533648699234161573e-07
6.413760892720262099e-07
6.295851283364749679e-07
6.179582987787571975e-07
6.064933299377625429e-07
5.951656201981658413e-07
5.840053314571383913e-07
5.730677162022961994e-07
5.623460459167662610e-07
5.518082852985753438e-07
5.414215136343670313e-07
5.311563780022420331e-07
5.210142537870355924e-07
5.109712722013942964e-07
5.010799074539034806e-07
4.913815100037327899e-07
4.818675455481054923e-07
4.724940701538902807e-07
4.632400487466616867e-07
4.540859456211045038e-07
4.450276272353892681e-07
4.360449068930251830e-07
4.272062750226046217e-07
4.185458076419418483e-07
4.100512630399669036e-07
4.016695683077434718e-07
3.933830289817686966e-07
3.851841992670471980e-07
3.770611582884238057e-07
3.690042120956966853e-07
3.610927941713212380e-07
3.533480128940377825e-07
3.457547569502867165e-07
3.382600509086496002e-07
3.308477010305364374e-07
3.235172145032501001e-07
3.162458135783321744e-07
3.090438885991352972e-07
3.019964363235597234e-07
2.951009519245387359e-07
2.883438099687137297e-07
2.816825079827292204e-07
2.750936559133107151e-07
2.685842559932166627e-07
2.621288805375140247e-07
2.557536361695730891e-07
2.495378164409671143e-07
2.434643891910865272e-07
2.375141645077482402e-07
2.316533965179041842e-07
2.258641708977843801e-07
2.201535362425017591e-07
2.144917450160466296e-07
2.089273015270510929e-07
2.035113491312695634e-07
1.982273457106820829e-07
1.930411092029326692e-07
1.879357883559158277e-07
1.829035139387283019e-07
1.779413395984522068e-07
1.730190231328122777e-07
1.681962875587786239e-07
1.635058020425725425e-07
1.589304412006070937e-07
1.544301860826557251e-07
1.499979640738849826e-07
1.456413802006242293e-07
1.413460702220897786e-07
1.370891264921144407e-07
1.329341386408712312e-07
1.288945936347629137e-07
1.249551146343615423e-07
1.210812922731193131e-07
1.172719763624801117e-07
1.135442753345189261e-07
1.098703182102895802e-07
1.062432130175455055e-07
1.027242383953411703e-07
9.930227717856143771e-08
9.597050471503640861e-08
9.271198421909318297e-08
8.952248649889027145e-08
8.642704120837350649e-08
8.339274654336600037e-08
8.042394231756576183e-08
7.756875597402410638e-08
7.480306081739071574e-08
7.212121381785981516e-08
6.951648685940018546e-08
6.698442649519893596e-08
6.454576994832164693e-08
6.216093942639580361e-08
5.984863426435991381e-08
5.762667890516131818e-08
5.547955701420766633e-08
5.339428318495456982e-08
5.137619407016987553e-08
4.942364950095274547e-08
4.754699872384833185e-08
4.570810691270760921e-08
4.392929800546378423e-08
4.220678101411708291e-08
4.053199995037745680e-08
3.888906415460488614e-08
3.728411754722699789e-08
3.571835554839485863e-08
3.419046053127034543e-08
3.267189932848087967e-08
3.118418799979297676e-08
2.971687509925845134e-08
2.827436356196700540e-08
2.685344521374756504e-08
2.546674334426726687e-08
2.412777150301182848e-08
2.283636551045536692e-08
2.158166944279855795e-08
2.038073631349531866e-08
1.921795349856969272e-08
1.810118769105882579e-08
1.703086085551508272e-08
1.600932755469688270e-08
1.504467832149997764e-08
1.412772490874275397e-08
1.324917131178860096e-08
1.241282072138053679e-08
1.160473535130688700e-08
1.083151956033247733e-08
1.009545351545967912e-08
9.397112215271563056e-09
8.744992041616815497e-09
8.132248858349506882e-09
7.555907139710041242e-09
7.010361435924105560e-09
6.490872775206630956e-09
5.998432567674875956e-09
5.532734317273556445e-09
5.088859926653105275e-09
4.669083767124439169e-09
4.270365655260419814e-09
3.894215388834659018e-09
3.537995604592629832e-09
3.206728653464991068e-09
2.903078285303794053e-09
2.624219139496173136e-09
2.363495542424540348e-09
2.121630105531602299e-09
1.896719469598029470e-09
1.682197653393061907e-09
1.472607719731243355e-09
1.272077323270865154e-09
1.087262155321659533e-09
9.195124493965655573e-10
7.661701397865882864e-10
6.299118391369672875e-10
5.118544612055195423e-10
4.040233960383373271e-10
3.026510978639989287e-10
2.048903314282216514e-10
1.103036402503224737e-10
1.927674826603487237e-11
-6.572432429873476147e-11
-1.360325428564997465e-10
-1.918039065737800023e-10
-2.426383592348265378e-10
-2.885121171989840040e-10
-3.317683449689209661e-10
-3.698655351583053595e-10
-4.002729256493140912e-10
-4.302791695697237662e-10
-4.609463920570320675e-10
-4.911097901620754615e-10
-5.180718835491249697e-10
-5.343288803108629830e-10
-5.419049818807209735e-10
-5.461593447121741121e-10
-5.507993035663598302e-10
-5.589939570562698690e-10
-5.678617072524966501e-10
-5.785659827191124309e-10
-5.851833865438347198e-10
-5.852462885864216799e-10
-5.790157723430597140e-10
-5.721594170513256113e-10
-5.690997184188385960e-10
-5.706691705333034819e-10
-5.677492130141014217e-10
-5.603501894587862223e-10
-5.543286194227693206e-10
-5.497010410783378288e-10
-5.413269343515581522e-10
-5.331233059078876472e-10
-5.272445830766626815e-10
-5.203626245492108226e-10
-5.119993805221691549e-10
-5.028666952782898237e-10
-4.918432442461360342e-10
-4.817386154264795029e-10
-4.739234477194809564e-10
-4.653773180258889074e-10
-4.557391446619122444e-10
-4.463804195488557174e-10
-4.370279969300491509e-10
-4.295375294028800354e-10
-4.160526356738284385e-10
-4.038049780871616322e-10
-3.948825787661678347e-10
-3.837894202246916466e-10
-3.730697790877245129e-10
-3.642350646078628443e-10
-3.562998482398620240e-10
-3.459833474840581105e-10
-3.335758357248263753e-10
-3.202278670307757509e-10
-3.078529864564832207e-10
-2.961746048241292645e-10
-2.862911443014511259e-10
-2.774629307720344091e-10
-2.692662711108954167e-10
-2.572487133542471708e-10
-2.452820185396310411e-10
-2.306901353311525695e-10
-2.173392289595033925e-10
-2.059488454164016048e-10
-1.963182889163477818e-10
-1.882287627772589719e-10
-1.787347002695723828e-10
-1.673046418799350033e-10
-1.543982942318827030e-10
-1.405732131782862173e-10
-1.280067604410128393e-10
-1.174333543241131318e-10
-1.087909881894444145e-10
-1.014903380312364252e-10
-9.309311334291173510e-11
-8.272994280006265972e-11
-7.110118406204640784e-11
-6.002601304385201479e-11
-5.022715273918398995e-11
-4.208327001074535956e-11
-3.624480982071289336e-11
-3.156977221783887848e-11
-2.609774008964691686e-11
-1.884433990366610406e-11
-1.141805699233840013e-11
-5.136757160562312848e-12
-1.734976740723092575e-13
3.377225840772335146e-12
4.605608642032828005e-12
4.733581075246978365e-12
6.092425133986567859e-12
8.380752165132916137e-12
1.023731249759007184e-11
1.097253305422067498e-11
1.077509668983102012e-11
9.718944264525232804e-12
6.701990808500233848e-12
3.397665646413567324e-12
1.695601350279135426e-12
7.019000213113586869e-13
-6.786714003244450107e-13
-2.496056285005681742e-12
-4.191230152076176274e-12
-5.916643058899256410e-12
-8.976819705329156677e-12
-1.115785428805726226e-11
-1.161467716814866850e-11
-1.102306367494731710e-11
-1.057309400844347803e-11
-1.013237726095292196e-11
-8.986975681483954660e-12
-7.799249341470807763e-12
-7.679581760192742943e-12
-6.454796068874260334e-12
-4.476397428091521217e-12
-2.125288440161141440e-12
-3.780197948556414145e-13
7.888943664818475177e-13
2.146357418706721731e-12
2.606346960480974869e-12
1.825858699832359524e-12
1.759665399639144562e-12
1.436601145892960830e-12
1.045904366743774514e-12
3.455889389445252716e-13
-7.994570343134889563e-13
-1.348515289706404622e-12
-2.276853713712501031e-12
-3.320841864588947782e-12
-3.209599485599300191e-12
-2.807690099222196357e-12
-2.103416122620825118e-12
-1.257938929712187209e-12
-5.926683271379652015e-13
4.509057304813737721e-13
6.661312179107144057e-13
7.207009035092650421e-13
7.755590052964381766e-13
6.525694655140365377e-13
1.492796583821572860e-13
-3.868615776957628148e-13
-9.253774966293381724e-13
-9.945412243481001118e-13
-1.300569843987312879e-12
-1.096023005686763035e-12
-6.088438460557740922e-13
4.019055294350423544e-14
4.082633702023227089e-13
5.360110410786214757e-13
4.377099774417391684e-13
2.254420216298172370e-13
-3.830687643702049738e-13
-6.537881914676842407e-13
-7.147402401727010130e-13
-4.505853277366123286e-13
-1.280841035750113870e-13
1.491605554121761625e-13
3.538558651200660684e-13
2.930735588016279920e-13
-1.024007952507746029e-13
-3.075041218176227348e-13
-4.194269579169724689e-13
-2.714245684226785939e-13
-2.671146644402108751e-15
1.524038329438354231e-13
2.140990226534495390e-13
2.977095408597615224e-14
-2.437026648940735299e-13
-2.576339872215681113e-13
-1.180475587634301852e-13
8.603064689367201731e-14
1.617519538583494919e-13
-1.500514975173487219e-16
-1.260997193422228748e-13
-1.817937594155897588e-13
-3.849551585293845438e-14
1.056427160861886786e-13
7.960209340446457870e-14
-8.938660213313862139e-14
-1.348998037577739059e-13
-3.205892061246686408e-14
1.085379116622132892e-13
1.631717087563318935e-14
-9.852194443140697254e-14
-7.410534685828301666e-14
6.110813896606392804e-14
4.350980497654039942e-14
-6.760115989495194002e-14
-6.580828342021653511e-14
5.812825042877678770e-14
1.793690254744651520e-14
-6.453867743434083199e-14
-2.060862417922968840e-14
5.529833470704964141e-14
-2.904121830536862770e-14
-4.539674885065775631e-14
3.770903666600197336e-14
2.352043837468587514e-15
-5.365292919177848540e-14
3.787172149678782440e-14
-5.729306831889111030e-15
-3.622662672957513266e-14
3.321156696462257340e-14
-1.726844439925883778e-14
-1.841195700758668207e-14
3.274186818595877367e-14
-4.155846811292820884e-14
2.762269435486600566e-14
-1.675368015665844642e-14
-2.016840018300554829e-15
9.355187456667617375e-15
-1.892455726167873357e-14
1.815111608981408413e-14
-2.050646456183779179e-14
1.610527118273924345e-14
-1.597760961419943612e-14
1.144671830725424209e-14
-1.115073237943960033e-14
7.604999346635574149e-15
-7.651739673904222531e-15
5.089317847512088137e-15
-5.384718517119158793e-15
3.555395007794570779e-15
-3.935451705467441275e-15
2.622992239965884961e-15
-2.979962861095509172e-15
2.039846992053659298e-15
-2.320149144419395021e-15
1.660089768146698669e-15
-1.842850860531305906e-15
1.402147158081588920e-15
-1.483448863540992568e-15
1.219911842293316865e-15
-1.203908743193608616e-15
1.086537709624749634e-15
-9.808702032005420741e-16
9.858216176950348323e-16
-7.993236358573163575e-16
9.076274295206810023e-16
-6.492037688946579502e-16
8.454020563865174242e-16
-5.234973392299893327e-16
7.947833649238327725e-16
-4.171520838834135897e-16
7.527925097786839813e-16
-3.264231243117038387e-16
7.173492510008069730e-16
-2.484666114677509926e-16
6.869718672869753676e-16
-1.810782076981123616e-16
6.605860638223235275e-16
-1.225193657959987237e-16
6.374002165613208246e-16
-7.139856653578629613e-17
6.168221190924033459e-16
-2.658799777624960522e-17
5.984023462553338756e-16
1.283627822865117928e-17
5.817950687732002096e-16
4.763819635171220644e-17
5.667305363270096302e-16
7.845446321085680604e-17
5.529954990810011396e-16
1.058194535672957458e-16
5.404191140721356650e-16
1.301844060941201461e-16
5.288626932033184925e-16
1.519324217821223209e-16
5.182121748699454293e-16
1.713903223187414098e-16
5.083725474390920004e-16
1.888381255345633786e-16
4.992636850757683923e-16
2.045166882286318662e-16
4.908172144846439397e-16
2.186339230502378016e-16
4.829741399188332937e-16
2.313698934546650415e-16
4.756830299597586447e-16
2.428810174997411832e-16
4.688986231457018187e-16
2.533035572920611904e-16
4.625807477613437786e-16
2.627565312487681812e-16
4.566934786563219752e-16
2.713441566052735454e-16
4.512044737566003976e-16
2.791579070035359767e-16
4.460844475964058342e-16
2.862782528570907655e-16
4.413067498050199713e-16
2.927761387804077299e-16
4.368470244908485450e-16
2.987142421018114651e-16
4.326829322049562362e-16
3.041480481556062534e-16
4.287939206883628818e-16
3.091267717333333467e-16
4.251610338182466756e-16
3.136941487569475155e-16
4.217667506691788155e-16
3.178891182042318438e-16
4.185948485329113249e-16
3.217464108347536354e-16
4.156302850630782144e-16
3.252970586059642712e-16
4.128590958798656078e-16
3.285688363800129003e-16
4.102683047760126275e-16
3.315866456872881047e-16
4.078458442681106486e-16
3.343728487876401805e-16
4.055804847314808562e-16
3.369475600196114056e-16
4.034617707679188465e-16
3.393289003126148133e-16
4.014799636892978185e-16
3.415332199604896177e-16
3.996259892462408211e-16
3.435752938900177946e-16
3.978913899116856796e-16
3.454684931445493006e-16
3.962682811239356313e-16
3.472249356864603490e-16
3.947493110619045291e-16
3.488556192583441493e-16
3.933276235326931348e-16
3.503705385942994301e-16
3.919968236696277839e-16
3.517787889941412977e-16
3.907509461628084035e-16
3.530886579886315673e-16
3.895844257915370211e-16
3.543077065773734807e-16
3.884920700650421239e-16
3.554428413451174405e-16
3.874690337868964933e-16
3.565003785733136516e-16
3.865107953902603347e-16
3.574861012987120907e-16
3.856131349244137600e-16
3.584053102045263857e-16
3.847721135492571875e-16
3.592628690429582098e-16
3.839840544335607336e-16
3.600632452476715437e-16
3.832455249619078125e-16
3.608105463034960501e-16
3.825533201579166094e-16
3.615085523468781003e-16
3.819044472284115012e-16
3.621607454350878663e-16
3.812961111630097574e-16
3.627703358694949782e-16
3.807257013073042474e-16
3.633402858745239039e-16
3.801907788550761038e-16
3.638733309610129124e-16
3.796890651766847599e-16
3.643719991907739378e-16
3.792184309521853494e-16
3.648386285970571056e-16
3.787768860274222372e-16
3.652753829382546188e-16
3.783625699649349648e-16
3.656842659701262310e-16
3.779737432320091031e-16
3.660671343919017133e-16
3.776087789803938379e-16
3.664257095942249423e-16
3.772661553809361654e-16
3.667615883412652092e-16
3.769444484769942278e-16
3.670762524843325078e-16
3.766423255112903528e-16
3.673710778097374535e-16
3.763585387037023281e-16
3.676473421045807631e-16
3.760919194396368103e-16
3.679062325114936882e-16
3.758413728494587830e-16
3.681488522468607835e-16
3.756058727387163675e-16
3.683762267359987853e-16
3.753844568610221086e-16
3.685893092265886062e-16
3.751762224897097574e-16
3.687889859209680968e-16
3.749803222888227466e-16
3.689760806787137342e-16
3.747959604436797626e-16
3.691513593207179338e-16
3.746223890447754542e-16
3.693155335785859679e-16
3.744589047023632977e-16
3.694692647142381945e-16
3.743048453799196061e-16
3.696131668435608129e-16
