# bin_5_1
2.131231464545760927e-05
2.108030881684040090e-05
2.130508572555473389e-05
2.108690268076032393e-05
2.129825694779852979e-05
2.109306101950562685e-05
2.129180054608360647e-05
2.109880745015096164e-05
2.128569022534747895e-05
2.110416378177131086e-05
2.127990105015117628e-05
2.110915012227246971e-05
2.127440934117439379e-05
2.111378497815512531e-05
2.126919257962737769e-05
2.111808534803609979e-05
2.126422931949829148e-05
2.112206681122290409e-05
2.125949910767237788e-05
2.112574361230599006e-05
2.125498241220850218e-05
2.112912874291794499e-05
2.125066055892726387e-05
2.113223402185090933e-05
2.124651567691132476e-05
2.113507017466751946e-05
2.124253065316367771e-05
2.113764691414812277e-05
2.123868909720386493e-05
2.113997302251635193e-05
2.123497531603417673e-05
2.114205643706050847e-05
2.123137430023954608e-05
2.114390433990578048e-05
2.122787172160980177e-05
2.114552325311290165e-05
2.122445394285379125e-05
2.114691913979846916e-05
2.122110803935118328e-05
2.114809751166232046e-05
2.121782183280182421e-05
2.114906354268243811e-05
2.121458393579417215e-05
2.114982218818838516e-05
2.121138380561230605e-05
2.115037830724899735e-05
2.120821180431322825e-05
2.115073678525292798e-05
2.120505926099649157e-05
2.115090265188198724e-05
2.120191853009304605e-05
2.115088118775680515e-05
2.119878303781176884e-05
2.115067801090369633e-05
2.119564730637007489e-05
2.115029913190131261e-05
2.119250694355063097e-05
2.114975096414021776e-05
2.118935858281795583e-05
2.114904027402885297e-05
2.118619975784399759e-05
2.114817405451642702e-05
2.118302869475343538e-05
2.114715930616508770e-05
2.117984400721272992e-05
2.114600271263783715e-05
2.117664428357239400e-05
2.114471020372994507e-05
2.117342756395857844e-05
2.114328640983575619e-05
2.117019071830123433e-05
2.114173402787110841e-05
2.116692875541301746e-05
2.114005314043413837e-05
2.116363411788643194e-05
2.113824055736884130e-05
2.116029604676153845e-05
2.113628927895265863e-05
2.115690012994655061e-05
2.113418820842299261e-05
2.115342817329873604e-05
2.113192226046309232e-05
2.114985854323064941e-05
2.112947300996953140e-05
2.114616711181331330e-05
2.112681998823277819e-05
2.114232887484468023e-05
2.112394264650977344e-05
2.113832019740405590e-05
2.112082286092798367e-05
2.113412146565446092e-05
2.111744765054035904e-05
2.112971970197673963e-05
2.111381154964813399e-05
2.112511047608728491e-05
2.110991787776127557e-05
2.112029829877133574e-05
2.110577808555147989e-05
2.111529473340701578e-05
2.110140855017291668e-05
2.111011383124472264e-05
2.109682476113465506e-05
2.110476526905070090e-05
2.109203380252069258e-05
2.109924668308604286e-05
2.108702722819054426e-05
2.109353784692256372e-05
2.108177739157190579e-05
2.108759993273156847e-05
2.107624030830127946e-05
2.108138233968455749e-05
2.107036644314787271e-05
2.107483687975932423e-05
2.106411716888921865e-05
2.106793475254802289e-05
2.105748002140573708e-05
2.106067752618470042e-05
2.105047293246438661e-05
2.105309263046754929e-05
2.104313004060046831e-05
2.104521002984745940e-05
2.103547164646724400e-05
2.103702976518331128e-05
2.102747521465232118e-05
2.102850296327687493e-05
2.101907233408500724e-05
2.101954842013104783e-05
2.101018476754585803e-05
2.101010299773227818e-05
2.100077909371880490e-05
2.100016680492160614e-05
2.099088817510411564e-05
2.098979037886639508e-05
2.098056168428358647e-05
2.097899753970863018e-05
2.096978178563726339e-05
2.096772169158180494e-05
2.095844665229741803e-05
2.095585099779987225e-05
2.094647017573782671e-05
2.094335091466611911e-05
2.093387848787323338e-05
2.093028694590881440e-05
2.092073604073605358e-05
2.091667448935103681e-05
2.090698386917878466e-05
2.090239022002122037e-05
2.089248501951296172e-05
2.088734554610896375e-05
2.087723949520626989e-05
2.087161227250670595e-05
2.086132419991249660e-05
2.085519226639171751e-05
2.084463565061676346e-05
2.083792393740974870e-05
2.082705515906790124e-05
2.081980283413855005e-05
2.080866887784857031e-05
2.080089268568752035e-05
2.078941794307270500e-05
2.078102608260461225e-05
2.076915730566209490e-05
2.076019399539050274e-05
2.074797910697186320e-05
2.073842874846870826e-05
2.072575960678249926e-05
2.071554938146620651e-05
2.070244172235460582e-05
2.069163557911924087e-05
2.067805487136922224e-05
2.066654680119303042e-05
2.065243247375447871e-05
2.064027743333267744e-05
2.062564553265509097e-05
2.061275295642474409e-05
2.059751549694080122e-05
2.058392483551721945e-05
2.056809863551128166e-05
2.055371609781980643e-05
2.053723045590179162e-05
2.052210220337822821e-05
2.050492903303173720e-05
2.048895397536192644e-05
2.047108500959999718e-05
2.045428099144109088e-05
2.043562022197768188e-05
2.041795450675036355e-05
2.039851294342810280e-05
2.037990774197373671e-05
2.035964418230071219e-05
2.034010040446293025e-05
2.031893423996094340e-05
2.029843023270326509e-05
2.027632890342288932e-05
2.025480172149250754e-05
2.023174326666711618e-05
2.020913973852938133e-05
2.018508002869921390e-05
2.016136332662558291e-05
2.013624683634816323e-05
2.011138069782484155e-05
2.008515296221784145e-05
2.005909513443522699e-05
2.003170430180956299e-05
2.000440779064386018e-05
1.997580239340866198e-05
1.994721755020872049e-05
1.991734497124700884e-05
1.988742044370806543e-05
1.985622642654255560e-05
1.982490937786316485e-05
1.979233799532394868e-05
1.975957409683524790e-05
1.972556783167983072e-05
1.969130123695971848e-05
1.965580106829689858e-05
1.961997441746192352e-05
1.958291989930856523e-05
1.954547435500936367e-05
1.950680369432664831e-05
1.946767900406374478e-05
1.942732914641463445e-05
1.938646372776611085e-05
1.934437045645728535e-05
1.930170150423227057e-05
1.925779955711942197e-05
1.921326317302010650e-05
1.916748638029203071e-05
1.912101772658679531e-05
1.907329917247854392e-05
1.902483265174085346e-05
1.897510486303397045e-05
1.892457432637319285e-05
1.887276949057406814e-05
1.882010847705745484e-05
1.876615869324532528e-05
1.871130070343260049e-05
1.865513826888870593e-05
1.859801707558453136e-05
1.853957481144174771e-05
1.848012481092753951e-05
1.841933643019053434e-05
1.835749303731358943e-05
1.829429355868481517e-05
1.822999364926293522e-05
1.816431986025305144e-05
1.809750226427521425e-05
1.802929323706421128e-05
1.795989928612442738e-05
1.788909694954986352e-05
1.781707108181827329e-05
1.774362085268185271e-05
1.766891127847608416e-05
1.759276275505171648e-05
1.751532218569073181e-05
1.743642990585522545e-05
1.735621634792797378e-05
1.727454061368694901e-05
1.719151823010980757e-05
1.710702599941257094e-05
1.702116603763889760e-05
1.693383188322120870e-05
1.684511366965301774e-05
1.675492080316091218e-05
1.666333280114034411e-05
1.657027415891366569e-05
1.647581508557584715e-05
1.637989447013778952e-05
1.628257446482039660e-05
1.618380773325879901e-05
1.608364956701065183e-05
1.598206585397578318e-05
1.587910616591624270e-05
1.577474912481974476e-05
1.566903966659404700e-05
1.556196870770714072e-05
1.545357757199972737e-05
1.534386907045509174e-05
1.523288187340846648e-05
1.512063031357091362e-05
1.500715129399170395e-05
1.489247030927228965e-05
1.477662329970029215e-05
1.465964655869132618e-05
1.454157577484730170e-05
1.442245765576918448e-05
1.430232824173836509e-05
1.418124422783142667e-05
1.405924248486834637e-05
1.393638920388531714e-05
1.381272242137459251e-05
1.368831724326403612e-05
1.356321304177825322e-05
1.343749314074819414e-05
1.331119823019264522e-05
1.318441901164022050e-05
1.305719726335793498e-05
1.292963005400821772e-05
1.280175978598494611e-05
1.267368868874371011e-05
1.254545906964869517e-05
1.241717689529802095e-05
1.228888338839155757e-05
1.216068659691659676e-05
1.203262539161580914e-05
1.190480800958350540e-05
1.177726942977565925e-05
1.165011595995289643e-05
1.152337689716912200e-05
1.139715430559339450e-05
1.127146980485487959e-05
1.114641876150055104e-05
1.102201299019647564e-05
1.089833865370442547e-05
1.077539560983052835e-05
1.065325838387412746e-05
1.053191284722143689e-05
1.041141969195157918e-05
1.029174908409076872e-05
1.017294613172655880e-05
1.005496411568984632e-05
9.937831498840453697e-06
9.821484297266829786e-06
9.705934227417420661e-06
9.591100739080482307e-06
9.476979936112790189e-06
9.363476745132078732e-06
9.250574271520973065e-06
9.138166521150749863e-06
9.026227862639472322e-06
8.914646649793485513e-06
8.803394450704491120e-06
8.692360833119274627e-06
8.581521989296035427e-06
8.470776844620429326e-06
8.360114655721089438e-06
8.249452487845325836e-06
8.138801299187227800e-06
8.028104714555481033e-06
7.917403045109056052e-06
7.806673182677038159e-06
7.695989963968900447e-06
7.585366948752004533e-06
7.474914552829975879e-06
7.364681489088747939e-06
7.254809201304450115e-06
7.145373876661726613e-06
7.036536946663957226e-06
6.928387849769716510e-06
6.821090741372492040e-06
6.714728593149260036e-06
6.609446745423648861e-06
6.505299420034314375e-06
6.402391264745841697e-06
6.300727798895125697e-06
6.200356470474062134e-06
6.101222740187588187e-06
6.003312159870169160e-06
5.906513479295562394e-06
5.810762618032669261e-06
5.715913150762416301e-06
5.621881666757224268e-06
5.528524265783059853e-06
5.435780869410819095e-06
5.343554349489428622e-06
5.251849529378308465e-06
5.160650174343969367e-06
5.070047811943622292e-06
4.980112270762197316e-06
4.891007258231342611e-06
4.802853398470286180e-06
4.715832187675060478e-06
4.630046226209567286e-06
4.545619367798781499e-06
4.462564524948800473e-06
4.380891847628051662e-06
4.300495559431217101e-06
4.221279067349803552e-06
4.143064706881767930e-06
4.065732683179637017e-06
3.989142466689348603e-06
3.913266730171484035e-06
3.838100348845688424e-06
3.763764727647622673e-06
3.690385182838128612e-06
3.618158356400558559e-06
3.547207404378022616e-06
3.477640222156919592e-06
3.409424499908818026e-06
3.342483679368948872e-06
3.276629360159666439e-06
3.211708125835828216e-06
3.147569325647619951e-06
3.084205522169180818e-06
3.021676655541009610e-06
2.960170346004810989e-06
2.899846184009178017e-06
2.840842288372822459e-06
2.783131260403137263e-06
2.726601114678259397e-06
2.671031508999034148e-06
2.616276728389318063e-06
2.562274789688973570e-06
2.509153726365851432e-06
2.457089214242816177e-06
2.406258139755603391e-06
2.356650772957609675e-06
2.308128562639224459e-06
2.260449945735820281e-06
2.213502974045455656e-06
2.167331635720917015e-06
2.122157121455125180e-06
2.078131417729255126e-06
2.035247699052864949e-06
1.993278982150263041e-06
1.952031539287565000e-06
1.911473613874669654e-06
1.871802521784173526e-06
1.833168552301240847e-06
1.795540339037477299e-06
1.758694090954462289e-06
1.722529734132469065e-06
1.687141810218347471e-06
1.652696717646205801e-06
1.619116489658336537e-06
1.586197805163457170e-06
1.553874041393965213e-06
1.522355151649619710e-06
1.491744381490967612e-06
1.461878783659663480e-06
1.432558450143852347e-06
1.403890037253639975e-06
1.375982595587395227e-06
1.348706121145568934e-06
1.321927282586018123e-06
1.295829828678554218e-06
1.270482855545522582e-06
1.245684606454840653e-06
1.221369175256847027e-06
1.197689627516100930e-06
1.174519567450889272e-06
1.151758422346913227e-06
1.129571254223522114e-06
1.107958919780068613e-06
1.086782867117376656e-06
1.066145111592798233e-06
1.045951174230953634e-06
1.026121932447268707e-06
1.006739558960647129e-06
9.877133060198600340e-07
9.690875519679865136e-07
9.509486825834791341e-07
9.331747061847910988e-07
9.158098186870748196e-07
8.987489513429828880e-07
8.820146274331119778e-07
8.655724486975258357e-07
8.494072371840839399e-07
8.335938236375142519e-07
8.181234298964227180e-07
8.029932015327310858e-07
7.881308430799570427e-07
7.735213736219685755e-07
7.591425241122733213e-07
7.449748061829491076e-07
7.310245344690121220e-07
7.173603874475623496e-07
7.039786624118054474e-07
6.908552489190376308e-07
6.779453558674756548e-07
6.652140018213175237e-07
6.526602693010874882e-07
6.402558629812058397e-07
6.280327989824994871e-07
6.160541305799413968e-07
6.043102778493707468e-07
5.927674166315601834e-07
5.813902872999273544e-07
5.701487636508760178e-07
5.590458911055426250e-07
5.480534087532294103e-07
5.372282968398748437e-07
5.266158444319889723e-07
5.162055653929488484e-07
5.059504833424107985e-07
4.958294943724198772e-07
4.858232261264316793e-07
4.759279312892168187e-07
4.661192433130153623e-07
4.564712391003731975e-07
4.470197129758317741e-07
4.377510736001162127e-07
4.286089563315520378e-07
4.195759957481436303e-07
4.106459973403748684e-07
4.018061701580930875e-07
3.930438662476853237e-07
3.844441242335630332e-07
3.760278297883943112e-07
3.677792240769394098e-07
3.596428345668762902e-07
3.516027712991031544e-07
3.436601845132428596e-07
3.357899775262269349e-07
3.280015001203281379e-07
3.203844394638537936e-07
3.129337928692981890e-07
3.056356529312860766e-07
2.984457592917346083e-07
2.913392345858100915e-07
2.843243924656061674e-07
2.773726841926300592e-07
2.705097617455032751e-07
2.638177481357508200e-07
2.572768788913994104e-07
2.508676108139486691e-07
2.445552774501072540e-07
2.383209912340126519e-07
2.321732458185231012e-07
2.260796610317626615e-07
2.200906407895288860e-07
2.142583424216117431e-07
2.085658504816597018e-07
2.029784705826224447e-07
1.974801273488603161e-07
1.920630016141677820e-07
1.867255302530807554e-07
1.814359828763379828e-07
1.762565369552954300e-07
1.712202034949132670e-07
1.663100774428763642e-07
1.614854101183191188e-07
1.567396039571600700e-07
1.520802174620296479e-07
1.474926174524941288e-07
1.429521204748360893e-07
1.385234078763812589e-07
1.342191072840812815e-07
1.300238176854459258e-07
1.259026540612770912e-07
1.218551213001653060e-07
1.178990184930039480e-07
1.140061752741842422e-07
1.101690420581834530e-07
1.064498196298975026e-07
1.028362991020309364e-07
9.932151069265480370e-08
9.588801357301507459e-08
9.253149515882991949e-08
8.927749173032916500e-08
8.609247291420625241e-08
8.298040689095772964e-08
7.998988876571330526e-08
7.709612916824454864e-08
7.429389949772818763e-08
7.157659533399663812e-08
6.893940622587896077e-08
6.640264174044953134e-08
6.392497742490979745e-08
6.152421823689344873e-08
5.921757891352981712e-08
5.698916267615676920e-08
5.482617109724125075e-08
5.273432477340954324e-08
5.071224286189868861e-08
4.877082291215375669e-08
4.687126257140930710e-08
4.503514152190768302e-08
4.325730576994293300e-08
4.152833610980362150e-08
3.983190542275930732e-08
3.817418715039987648e-08
3.655654655371122317e-08
3.497826141017819726e-08
3.341087368379059020e-08
3.187537553414735056e-08
3.036031313064434915e-08
2.887039944719774590e-08
2.740333019327179890e-08
2.597211815963729901e-08
2.459015380216333527e-08
2.325723623697326634e-08
2.196239034196121023e-08
2.072319246426950645e-08
1.952507499545817151e-08
1.837631990117558542e-08
1.727673817962481011e-08
1.622784984720672099e-08
1.523713162055001686e-08
1.429555484109293469e-08
1.339402971729808061e-08
1.253614003747203334e-08
1.170864447821354497e-08
1.091813199591567788e-08
1.016644078891214986e-08
9.453385034058315334e-09
8.787093268744409301e-09
8.161827555296579091e-09
7.574969037231869255e-09
7.019938904385581449e-09
6.491449380061411216e-09
5.991140784515881933e-09
5.518702793412675271e-09
5.068551185249132782e-09
4.642844103293476405e-09
4.238850547230420915e-09
3.857772987961048892e-09
3.497414085258983345e-09
3.162736989206594217e-09
2.856046529092365244e-09
2.574682378999790470e-09
2.312440971011056977e-09
2.069798714673607963e-09
1.844457266336681244e-09
1.629289326937921900e-09
1.419286986540063349e-09
1.218301561085271450e-09
1.032396147057518265e-09
8.640213877643095465e-10
7.107865846869220336e-10
5.749306250871904113e-10
4.576675863570690263e-10
3.511299710918476758e-10
2.513206580234392189e-10
1.550470178003686651e-10
6.161479180028077739e-11
-2.881704590041196294e-11
-1.133254165943770153e-10
-1.830053194520048993e-10
-2.381654667950318469e-10
-2.876897081759887532e-10
-3.321265010213430021e-10
-3.734707482446674069e-10
-4.094520478936933956e-10
-4.380946790314607314e-10
-4.668929196973450652e-10
-4.972549676151315118e-10
-5.273506777449260211e-10
-5.538396255788066125e-10
-5.687633304783055623e-10
-5.742158521029805922e-10
-5.761921568647400731e-10
-5.793578533474414204e-10
-5.867807141241009255e-10
-5.954265688871025215e-10
-6.058798809888952118e-10
-6.119013226649189011e-10
-6.107627018061262241e-10
-6.029894174259600390e-10
-5.946187947855457423e-10
-5.906460706539645366e-10
-5.918347218008618884e-10
-5.885864838403025911e-10
-5.804970053887646597e-10
-5.736772500523062286e-10
-5.682058000050022201e-10
-5.590510884286737952e-10
-5.501215756157124517e-10
-5.436356296902160724e-10
-5.361784233598687813e-10
-5.274509355840938424e-10
-5.178894958639625237e-10
-5.060659431528763487e-10
-4.952222254331619766e-10
-4.871514842647696279e-10
-4.782453492207680947e-10
-4.679833650241863149e-10
-4.581441442189264243e-10
-4.485579895618352333e-10
-4.407710990878810267e-10
-4.266088860999796443e-10
-4.138333139143164390e-10
-4.047342458283542226e-10
-3.933084887615751245e-10
-3.820730068962319396e-10
-3.729373919279419191e-10
-3.649403556917977325e-10
-3.541877249608144306e-10
-3.413899450537597190e-10
-3.276191806443005114e-10
-3.149261198130342284e-10
-3.029674373443592460e-10
-2.927219547079453984e-10
-2.837301536604114270e-10
-2.754148089659261163e-10
-2.630147081950640860e-10
-2.507655772379937463e-10
-2.357655420890939975e-10
-2.220721579551918916e-10
-2.104434653903550122e-10
-2.005435805572801978e-10
-1.923774345858717014e-10
-1.826617450838755050e-10
-1.709798395996196633e-10
-1.577617139110321245e-10
-1.435891518194928732e-10
-1.307246089904592278e-10
-1.199355957931686760e-10
-1.111076709640079089e-10
-1.037250003237148927e-10
-9.514189168945955774e-11
-8.456710838591657456e-11
-7.266125165673007207e-11
-6.132789390724581676e-11
-5.131460567729036489e-11
-4.300086508829410703e-11
-3.706001768854629474e-11
-3.232414156674159207e-11
-2.674482368231784033e-11
-1.932987731526209590e-11
-1.173093588376347709e-11
-5.310252227680905278e-12
-2.421056659817318248e-13
3.388004835078894923e-12
4.625763762358488726e-12
4.737761978779215480e-12
6.126047741135416827e-12
8.478977709897651198e-12
1.038286987648077012e-11
1.113503838198417111e-11
1.093764834161306815e-11
9.870989519933496793e-12
6.784249475916606991e-12
3.404475003442052404e-12
1.678604587840088724e-12
6.790011699895066238e-13
-7.263065805584723707e-13
-2.582267684568701262e-12
-4.305194978653573764e-12
-6.053112831936780903e-12
-9.182087421620370878e-12
-1.140856643131136837e-11
-1.186643683792420175e-11
-1.125488546017367461e-11
-1.079675734833577381e-11
-1.035207030498272407e-11
-9.178541237610066006e-12
-7.959667284236308607e-12
-7.845430151794693658e-12
-6.593409802809329683e-12
-4.573769122497103037e-12
-2.173900213290712346e-12
-3.939550290165111487e-13
7.908018064355546812e-13
2.179955669968474662e-12
2.651824363251597789e-12
1.850799548610672101e-12
1.788720200010174958e-12
1.458430502859586160e-12
1.059596988636307586e-12
3.459908143343720009e-13
-8.253161397037924736e-13
-1.380537330892021400e-12
-2.325820405173657796e-12
-3.391089540876408663e-12
-3.274158712497621370e-12
-2.864980117731573497e-12
-2.147948103207482152e-12
-1.285369201891050342e-12
-6.095625917326243860e-13
4.577867685764394572e-13
6.763723619276575838e-13
7.335705967144955730e-13
7.893353524488610228e-13
6.638495174234756028e-13
1.491625809254942469e-13
-3.969904581983640739e-13
-9.471998034230094158e-13
-1.015654177233451274e-12
-1.327675825138868667e-12
-1.117178292564558211e-12
-6.209914600037357193e-13
4.057739299782401703e-14
4.148617016880953238e-13
5.451656882639317121e-13
4.441995284671401027e-13
2.284893024410107132e-13
-3.916147809357365641e-13
-6.664730402361989849e-13
-7.290163531323401906e-13
-4.597907249032620929e-13
-1.312704328410884732e-13
1.515428616778445097e-13
3.598019163727066874e-13
2.980830388734783910e-13
-1.047485123709268514e-13
-3.135689782033085803e-13
-4.279677315153216610e-13
-2.770994349384454311e-13
-3.138507455389697147e-15
1.552134847103968675e-13
2.178211874784190665e-13
3.001629619845888661e-14
-2.485116427249908520e-13
-2.627973607842956313e-13
-1.206413606220068641e-13
8.749029654558147646e-14
1.647318537923096377e-13
-1.526183973426577684e-16
-1.288661419063172625e-13
-1.854682288451678098e-13
-3.925270240601993264e-14
1.076319515031514521e-13
8.094058494744199288e-14
-9.122651557272813420e-14
-1.375719639658696245e-13
-3.263162772231860667e-14
1.104402804787934916e-13
1.659734022912997554e-14
-1.004663894020956690e-13
-7.554834190544131257e-14
6.220432280855242023e-14
4.432469886970831908e-14
-6.894006022807162424e-14
-6.706803202234085575e-14
5.916332856361626850e-14
1.833041246396890826e-14
-6.584274471723658694e-14
-2.099746094563709752e-14
5.635764063485927227e-14
-2.961181275815287406e-14
-4.627895785173052981e-14
3.846059754557368477e-14
2.362745622615516437e-15
-5.464346877938256632e-14
3.858036341104347424e-14
-5.815067323922955320e-15
-3.691958096477368932e-14
3.386555306335218008e-14
-1.758814900905688624e-14
-1.874878812777038666e-14
3.338607553096503718e-14
-4.233706412371791186e-14
2.817037615847291668e-14
-1.705269064152148441e-14
-2.037402659224028932e-15
9.560657862467219893e-15
-1.926898426255863505e-14
1.852795459162833356e-14
-2.088022388808851193e-14
1.644459710834735016e-14
-1.626318035384551238e-14
1.169786373287273288e-14
-1.134235714040996361e-14
7.783328260581600048e-15
-7.774974056404178190e-15
5.220079535424910754e-15
-5.463314120109919159e-15
3.657288217452022110e-15
-3.985215573603622824e-15
2.707450636052167420e-15
-3.010478417981089042e-15
2.113484589893695216e-15
-2.337188780671340197e-15
1.726737310374752142e-15
-1.850005604730709967e-15
1.464082621172742158e-15
-1.483060304761668779e-15
1.278538635587745466e-15
-1.197579898383670592e-15
1.142752465620581916e-15
-9.697479058110446726e-16
1.040216985314388602e-15
-7.842595821267705036e-16
9.606073377200899540e-16
-6.308501610737440745e-16
8.972495257956459199e-16
-5.023661605515691957e-16
8.457017720846640357e-16
-3.936533748024954399e-16
8.029314844913266541e-16
-3.008906518748648832e-16
7.668213789378889701e-16
-2.211756788402524577e-16
7.358637207008263069e-16
-1.522583873838521410e-16
7.089656367001343446e-16
-9.236384588542801521e-17
6.853220250068767880e-16
-4.007117007639852458e-17
6.643307538799488121e-16
5.771439846045309167e-18
6.455349801888200209e-16
4.610771828126158313e-17
6.285832475343754593e-16
8.171808152704706243e-17
6.132014709747041261e-16
1.132530611555464863e-16
5.991730083264745648e-16
1.412587044608594122e-16
5.863243175600388640e-16
1.661961617200446880e-16
5.745145265473198162e-16
1.884569925991439732e-16
5.636277757410077707e-16
2.083752699028510740e-16
5.535675480171471223e-16
2.262372523661257249e-16
5.442524359964185654e-16
2.422891877777751682e-16
5.356129583045318245e-16
2.567436610594029600e-16
5.275891473321237095e-16
2.697847974315789301e-16
5.201287082031837765e-16
2.815725560004290528e-16
5.131856036864107758e-16
2.922462941531528311e-16
5.067189583814299543e-16
3.019277427154711633e-16
5.006922036660486873e-16
3.107235014382636361e-16
4.950724051917078304e-16
3.187271414450063924e-16
4.898297294286281086e-16
3.260209836983087461e-16
4.849370167497076796e-16
3.326776089136010750e-16
4.803694364899839680e-16
3.387611438270710178e-16
4.761042054994027117e-16
3.443283603185479654e-16
4.721203560654342598e-16
3.494296173373058791e-16
4.683985425399643293e-16
3.541096702020906426e-16
4.649208784636536567e-16
3.584083678035146654e-16
4.616707978541893958e-16
3.623612545072933605e-16
4.586329358933799302e-16
3.660000910355400915e-16
4.557930252181982406e-16
3.693533061299547198e-16
4.531378049297768880e-16
3.724463889753125061e-16
4.506549400408065265e-16
3.753022308422378445e-16
4.483329496268827856e-16
3.779414230297677000e-16
4.461611422516994506e-16
3.803825171903875471e-16
4.441295575574278527e-16
3.826422531602968220e-16
4.422289131915558868e-16
3.847357587040987876e-16
4.404505562808136332e-16
3.866767249055917912e-16
4.387864189644453099e-16
3.884775604453174036e-16
4.372289774468678946e-16
3.901495274997406378e-16
4.357712142359844239e-16
3.917028616527176951e-16
4.344065831971056993e-16
3.931468778679113735e-16
4.331289772039486731e-16
3.944900642515703016e-16
4.319326980855305842e-16
3.957401651839562664e-16
4.308124287437071084e-16
3.969042551054960684e-16
4.297632071991805356e-16
3.979888041018395593e-16
4.287804024522919252e-16
3.989997363136602105e-16
4.278596920144953298e-16
3.999424819886111001e-16
4.269970409643567959e-16
4.008220239734355365e-16
4.261886824475828746e-16
4.016429392752035911e-16
4.254310995002172640e-16
4.024094362772960843e-16
4.247210081042250945e-16
4.031253881064129058e-16
4.240553413965736917e-16
4.037943625856364753e-16
4.234312349445645592e-16
4.044196491726215177e-16
4.228460130211274168e-16
4.050042832008474396e-16
4.222971758028553912e-16
4.055510677370079421e-16
4.217823874423502290e-16
4.060625933026689412e-16
4.212994649368852705e-16
4.065412557044525578e-16
4.208463677577329750e-16
4.069892721498999464e-16
4.204211881700290868e-16
4.074086958675843779e-16
4.200221422137363583e-16
4.078014293424067613e-16
4.196475612828107175e-16
4.081692363481660222e-16
4.192958842773914112e-16
4.085137528728828852e-16
4.189656502747740843e-16
4.088364970605234624e-16
4.186554916933409689e-16
4.091388782613571545e-16
4.183641279149707186e-16
4.094222052854015453e-16
4.180903593233950270e-16
4.096876939227444931e-16
4.178330617393280711e-16
4.099364738126957609e-16
4.175911812252095843e-16
4.101695947208989815e-16
4.173637292233314435e-16
4.103880322701605513e-16
4.171497780169861323e-16
4.105926931909352036e-16
4.169484564770700446e-16
4.107844201194871187e-16
4.167589460924737307e-16
4.109639959952361346e-16
4.165804772449879620e-16
4.111321480918108416e-16
4.164123257298984548e-16
4.112895517068502111e-16
4.162538094906416975e-16
4.114368335536520909e-16
