# bin_3_1
1.533900228940840557e-05
1.512720922081931355e-05
1.533245444724247312e-05
1.513329317335751411e-05
1.532627794903359975e-05
1.513898467704872517e-05
1.532044788591502412e-05
1.514430585767425301e-05
1.531494073540546426e-05
1.514927722508480052e-05
1.530973426077852017e-05
1.515391777258291745e-05
1.530480741763812804e-05
1.515824506965095148e-05
1.530014026724800099e-05
1.516227534849730195e-05
1.529571389665823137e-05
1.516602358555982572e-05
1.529151034555391273e-05
1.516950357869556000e-05
1.528751253969338331e-05
1.517272802089828269e-05
1.528370423125610347e-05
1.517570857163785995e-05
1.528006994611097536e-05
1.517845592641010119e-05
1.527659493828772231e-05
1.518097988564797998e-05
1.527326515196903984e-05
1.518328942378660501e-05
1.527006719133080514e-05
1.518539275935308908e-05
1.526698829850497332e-05
1.518729742691849461e-05
1.526401634004878515e-05
1.518901035167333501e-05
1.526113980207762088e-05
1.519053792709517656e-05
1.525834779407688394e-05
1.519188609606307657e-05
1.525563006123323368e-05
1.519306043541066530e-05
1.525297700454802304e-05
1.519406624325121936e-05
1.525037970764295889e-05
1.519490862798316051e-05
1.524782996832496442e-05
1.519559259685235281e-05
1.524532033202598954e-05
1.519612314099440880e-05
1.524284412325955975e-05
1.519650531258321766e-05
1.524039546969299513e-05
1.519674428832931397e-05
1.523796931219168960e-05
1.519684541201371845e-05
1.523556139245471355e-05
1.519681420724836393e-05
1.523316820866113969e-05
1.519665635039152909e-05
1.523078692836456632e-05
1.519637759291266945e-05
1.522841524780608621e-05
1.519598362267729427e-05
1.522605118762973328e-05
1.519547985562398536e-05
1.522369281807204823e-05
1.519487115328078619e-05
1.522133791200996000e-05
1.519416146864407933e-05
1.521898353312480499e-05
1.519335343347560989e-05
1.521662557877085966e-05
1.519244791446369079e-05
1.521425831347348977e-05
1.519144358347891090e-05
1.521187394802256828e-05
1.519033656707300603e-05
1.520946233889839045e-05
1.518912025896859867e-05
1.520701089918984728e-05
1.518778539178051009e-05
1.520450481872760742e-05
1.518632046283726463e-05
1.520192767947094292e-05
1.518471258452996605e-05
1.519926251274218368e-05
1.518294877275540964e-05
1.519649326878131318e-05
1.518101759115256500e-05
1.519360655404362342e-05
1.517891093638890281e-05
1.519059334614323506e-05
1.517662559839057069e-05
1.518745024912128507e-05
1.517416409942525185e-05
1.518417975552852206e-05
1.517153427295906253e-05
1.518078901322103435e-05
1.516874717043933390e-05
1.517728683715469102e-05
1.516581325584438940e-05
1.517367921258814036e-05
1.516273747982850221e-05
1.516996426709799631e-05
1.515951460622887944e-05
1.516612844565872153e-05
1.515612679725618696e-05
1.516214601278944625e-05
1.515254547678132138e-05
1.515798351263172213e-05
1.514873838795836942e-05
1.515360905486497319e-05
1.514468037505922760e-05
1.514900343850584480e-05
1.514036338865666874e-05
1.514416736109458168e-05
1.513579928026292149e-05
1.513911848860944589e-05
1.513101053021423955e-05
1.513387619124601287e-05
1.512601057633895880e-05
1.512844027865500345e-05
1.512078480483942963e-05
1.512277853352876394e-05
1.511528852553897609e-05
1.511683753678914804e-05
1.510947055423689102e-05
1.511057565923503863e-05
1.510330900509430467e-05
1.510399267697881925e-05
1.509682539371192794e-05
1.509712142607425796e-05
1.509005228103763427e-05
1.508997730336994575e-05
1.508297804771535229e-05
1.508251651145348988e-05
1.507553603804712593e-05
1.507466557647032809e-05
1.506766981165287905e-05
1.506640158564575378e-05
1.505939639430326196e-05
1.505776716413048708e-05
1.505075795175081805e-05
1.504877219399547383e-05
1.504171586412680874e-05
1.503933571061707059e-05
1.503218037375849566e-05
1.502939941185977500e-05
1.502215133473274766e-05
1.501901002221986841e-05
1.501167900157080210e-05
1.500816854501820049e-05
1.500069553986005716e-05
1.499676891822401421e-05
1.498912306360224011e-05
1.498480789496773612e-05
1.497701779586830554e-05
1.497232693203653895e-05
1.496434106627956462e-05
1.495921614320967588e-05
1.495099768765900715e-05
1.494546925638726914e-05
1.493704775458333602e-05
1.493110713610730268e-05
1.492241005371816577e-05
1.491601095903079774e-05
1.490704691677079670e-05
1.490023251520515517e-05
1.489097734731127986e-05
1.488367944384907131e-05
1.487409196968550589e-05
1.486634764032023551e-05
1.485643694021767172e-05
1.484818792588406154e-05
1.483789500862169461e-05
1.482916805787633425e-05
1.481850262479763893e-05
1.480923719639080094e-05
1.479815168118130697e-05
1.478837876197057024e-05
1.477685356741971811e-05
1.476650767232632778e-05
1.475453619646980635e-05
1.474362963420754202e-05
1.473114788608216616e-05
1.471965976629633683e-05
1.470667384551026709e-05
1.469455372497949381e-05
1.468103557059570280e-05
1.466828445556110667e-05
1.465418023979961797e-05
1.464078429241461485e-05
1.462607166209329087e-05
1.461198994779822785e-05
1.459665349993977408e-05
1.458185141738276862e-05
1.456586124606750512e-05
1.455031482588653109e-05
1.453363357113233194e-05
1.451731914637966103e-05
1.449991014358781622e-05
1.448280005825329298e-05
1.446462834951256398e-05
1.444669177546616503e-05
1.442772264541183910e-05
1.440892694723115597e-05
1.438912491413247973e-05
1.436943626992219883e-05
1.434876475988430612e-05
1.432814830271687211e-05
1.430656962380566384e-05
1.428498943446985259e-05
1.426246482387765934e-05
1.423988391107700927e-05
1.421637358581354058e-05
1.419275388565959831e-05
1.416821708778356983e-05
1.414351948355951337e-05
1.411791452472337093e-05
1.409209888336089915e-05
1.406538319396049339e-05
1.403840841696923541e-05
1.401053860369364068e-05
1.398236269186262643e-05
1.395329460633703696e-05
1.392387473855318817e-05
1.389356355920022409e-05
1.386285618632902567e-05
1.383125651533232824e-05
1.379921747046406225e-05
1.376628344765676098e-05
1.373286807426473620e-05
1.369855350978598753e-05
1.366371680951847610e-05
1.362797533714479563e-05
1.359167213911952956e-05
1.355445739225834506e-05
1.351664254584617995e-05
1.347790835826146911e-05
1.343853695145052248e-05
1.339823758486577002e-05
1.335726519037570923e-05
1.331535559115760062e-05
1.327273854252890542e-05
1.322917462968901015e-05
1.318487032959394629e-05
1.313960931634488796e-05
1.309357657934440036e-05
1.304657733039671919e-05
1.299877676229472696e-05
1.295000018897407173e-05
1.290039460477330264e-05
1.284980409985241916e-05
1.279835898209106770e-05
1.274592089594997826e-05
1.269260489485846408e-05
1.263828905419097637e-05
1.258307453064580291e-05
1.252685480038933596e-05
1.246971841201713007e-05
1.241157330046988731e-05
1.235249663044270574e-05
1.229240993661360917e-05
1.223138016364014985e-05
1.216934166471268086e-05
1.210635227142901627e-05
1.204235844677202260e-05
1.197740996212525607e-05
1.191146474850222683e-05
1.184456551775800917e-05
1.177668108822962158e-05
1.170784806186942565e-05
1.163804561830113153e-05
1.156730514826205910e-05
1.149561571429567436e-05
1.142300434270373829e-05
1.134946954049262205e-05
1.127503476221589021e-05
1.119970755213102496e-05
1.112350852811669563e-05
1.104645388600114332e-05
1.096856207946997759e-05
1.088985758087925195e-05
1.081035728307860384e-05
1.073009355836665992e-05
1.064908226483123098e-05
1.056736328305848396e-05
1.048495187536902473e-05
1.040189500904109835e-05
1.031820769117514249e-05
1.023394350809722438e-05
1.014911744103057281e-05
1.006378916455099342e-05
9.977973738342146504e-06
9.891736313604318620e-06
9.805091993522376665e-06
9.718110695896111425e-06
9.630807379199806556e-06
9.543255902909538138e-06
9.455470726867868519e-06
9.367528698324886489e-06
9.279443249467561462e-06
9.191293122553538387e-06
9.103090013683216156e-06
9.014913325061928935e-06
8.926772132172211056e-06
8.838745125604266392e-06
8.750837713525994797e-06
8.663126385089364948e-06
8.575611700287224834e-06
8.488366373028327964e-06
8.401384845860391206e-06
8.314734453666318179e-06
8.228402230982692585e-06
8.142448577014120559e-06
8.056851897901285610e-06
7.971664250280549984e-06
7.886854379157603643e-06
7.802464870175549364e-06
7.718454104739882687e-06
7.634854499765320274e-06
7.551613864024531916e-06
7.468754347271842577e-06
7.386213643693431301e-06
7.304004308371243351e-06
7.222055213046663804e-06
7.140370914937116185e-06
7.058873724371863829e-06
6.977562826887573162e-06
6.896357269266301706e-06
6.815254538739562930e-06
6.734174711734152359e-06
6.653118182957648651e-06
6.572011149319303076e-06
6.490862157623565987e-06
6.409609016804353601e-06
6.328273800071775746e-06
6.246811197789605720e-06
6.165261576898543170e-06
6.083600715638244223e-06
6.001890504173940274e-06
5.920129957839914068e-06
5.838403157941299448e-06
5.756731444042203850e-06
5.675218266146426032e-06
5.593902531746330788e-06
5.512900191236436261e-06
5.432258878658205347e-06
5.352096290779839369e-06
5.272456510230733387e-06
5.193445549254370838e-06
5.115090045661929722e-06
5.037470668493754514e-06
4.960584149981604019e-06
4.884475486133860644e-06
4.809104381836777020e-06
4.734477176614758250e-06
4.660518578113714963e-06
4.587203851069431702e-06
4.514436071819290513e-06
4.442178263494679135e-06
4.370335327778336285e-06
4.298884608741465224e-06
4.227760401701264744e-06
4.156980290064959424e-06
4.086529257697307490e-06
4.016478761466900584e-06
3.946867751439845441e-06
3.877812566015628192e-06
3.809384192247635318e-06
3.741709986730034101e-06
3.674850085770843444e-06
3.608895820467741288e-06
3.543851733319465040e-06
3.479738072227637931e-06
3.416485554123156190e-06
3.354047510465946644e-06
3.292309828442912135e-06
3.231210853181145153e-06
3.170659506319549372e-06
3.110651237549103678e-06
3.051179330846822764e-06
2.992331571850112325e-06
2.934182718113973782e-06
2.876867293603246045e-06
2.820459023770975789e-06
2.765036991547217833e-06
2.710578200911989838e-06
2.657046352766746653e-06
2.604320935225577599e-06
2.552316919543598820e-06
2.500936791765027670e-06
2.450185620045787417e-06
2.400096841135101736e-06
2.350796703935109138e-06
2.302381052684263766e-06
2.254945387622036645e-06
2.208469444142988714e-06
2.162892596607303043e-06
2.118073964668763527e-06
2.073930707060826138e-06
2.030419595010562613e-06
1.987627200502581730e-06
1.945658159558766683e-06
1.904629618537482023e-06
1.864531608981488195e-06
1.825285182338241380e-06
1.786735978869010744e-06
1.748820372852285913e-06
1.711560342486883198e-06
1.675098060015036755e-06
1.639522285830800603e-06
1.604833512333562937e-06
1.570885772980324085e-06
1.537563864919639023e-06
1.504843353856680872e-06
1.472851054500088486e-06
1.441674170758894726e-06
1.411295510775990980e-06
1.381569112384768750e-06
1.352435622083341484e-06
1.323948737296357152e-06
1.296215756765793971e-06
1.269182699594821565e-06
1.242724825788771195e-06
1.216793408052502020e-06
1.191520114315023261e-06
1.166962831207647547e-06
1.143021974515389255e-06
1.119566966736686013e-06
1.096665518983213485e-06
1.074379458209848239e-06
1.052628939745931451e-06
1.031323831441876045e-06
1.010578155779953832e-06
9.904284380779512845e-07
9.707502730427374890e-07
9.514962792587520138e-07
9.327614046464270176e-07
9.144606979264398885e-07
8.965322701004106446e-07
8.790722767913659358e-07
8.620804115682671611e-07
8.454643647971866496e-07
8.292881758724345459e-07
8.134862038407687725e-07
7.980077284864673276e-07
7.828984992127000421e-07
7.681029729831889244e-07
7.536427755369279634e-07
7.395714664205397039e-07
7.258077559972119629e-07
7.123784255462466057e-07
6.992112086379132315e-07
6.863182558137466074e-07
6.736735163534912729e-07
6.612691677624689767e-07
6.491473385049576769e-07
6.373035492975457127e-07
6.257309556488115166e-07
6.143827116229435654e-07
6.032426034913860074e-07
5.922945033467625777e-07
5.815229594480980271e-07
5.709343847556625625e-07
5.605694169895456008e-07
5.504279973813137713e-07
5.404898755694382947e-07
5.307240749953331022e-07
5.211019138908457581e-07
5.116206370327893924e-07
5.022608415768428629e-07
4.930465509923204488e-07
4.840175780826483576e-07
4.751702093639300381e-07
4.664776308323418600e-07
4.579135674739001880e-07
4.494523741477934588e-07
4.410942363503210759e-07
4.328214458312532871e-07
4.246754482717710173e-07
4.166874352638532187e-07
4.088519264005057219e-07
4.011330162756496950e-07
3.935125209237758963e-07
3.859721936316999887e-07
3.785085319296361669e-07
3.711075367412998903e-07
3.638240199025371687e-07
3.566852499055550597e-07
3.496823161189066727e-07
3.427714982114902295e-07
3.359364712055968522e-07
3.291682147987844238e-07
3.224578057947430312e-07
3.157998557466642139e-07
3.092589064667750351e-07
3.028534480963793289e-07
2.965713528965424951e-07
2.903678964466868645e-07
2.842277233256399605e-07
2.781473211805570988e-07
2.721096464371776914e-07
2.661253086348366766e-07
2.602645134655854652e-07
2.545275710089497701e-07
2.489022388796242645e-07
2.433510627436865695e-07
2.378532830037285067e-07
2.324116475485434536e-07
2.270072357257340122e-07
2.216636536259928745e-07
2.164481476451905124e-07
2.113486729150639834e-07
2.063478449460103940e-07
2.014152671336398256e-07
1.965354326014497845e-07
1.917122438858336979e-07
1.869238718935841264e-07
1.822128718262187541e-07
1.776256657104338837e-07
1.731492393894164667e-07
1.687542794252659505e-07
1.644249196724136267e-07
1.601549517445063866e-07
1.559407645247301055e-07
1.517594997899392336e-07
1.476637383234470422e-07
1.436847236809734683e-07
1.398070686139893128e-07
1.359950299305467104e-07
1.322403176995721180e-07
1.285488898629984227e-07
1.249066680334701709e-07
1.212950450005172522e-07
1.177697948212989834e-07
1.143444981587799271e-07
1.110039155545963859e-07
1.077162649855470156e-07
1.044787501504132108e-07
1.013057246294957078e-07
9.817186467671545018e-08
9.507245498632924760e-08
9.206263434227607892e-08
8.913389965351523427e-08
8.627840794523471198e-08
8.347947189227634246e-08
8.073188907569449606e-08
7.805718238224591216e-08
7.542587381225871678e-08
7.284353528190470885e-08
7.035523635878488516e-08
6.794094734029002619e-08
6.559496931426810245e-08
6.331082708562253529e-08
6.108435385988270468e-08
5.893399314637172492e-08
5.682436762711432985e-08
5.477384303280987835e-08
5.280038954277889581e-08
5.089034953128762193e-08
4.903133427119386180e-08
4.722814375030046817e-08
4.547993616406021052e-08
4.379641567227436076e-08
4.214356564307403797e-08
4.054352898746376782e-08
3.899440194937764574e-08
3.748777281732839981e-08
3.600789393778853346e-08
3.456028209718238993e-08
3.314683384207683372e-08
3.176649086083504346e-08
3.039352459492359726e-08
2.904963347314873069e-08
2.772626000993417752e-08
2.642670473623900018e-08
2.514659536859776575e-08
2.389679335250601147e-08
2.268883513261819416e-08
2.152036189757816540e-08
2.038068391044733330e-08
1.928792186707446315e-08
1.822883174373703751e-08
1.721071564248421437e-08
1.623301937532880890e-08
1.529767720009508151e-08
1.441283128900799611e-08
1.356921706965598798e-08
1.275830529204939195e-08
1.198507364466531761e-08
1.123585614856510647e-08
1.051681982515249078e-08
9.830369307806711857e-09
9.177690691673100535e-09
8.567747480372089263e-09
7.993491193061758163e-09
7.452398446813442151e-09
6.938888879053657183e-09
6.446824384682439849e-09
5.977482855236004059e-09
5.532117388111794687e-09
5.107688155558002723e-09
4.707515552509667759e-09
4.327047810546450225e-09
3.967492097587879878e-09
3.626361497485836578e-09
3.307438674192885442e-09
3.012358533068380154e-09
2.739659524276587005e-09
2.484481686304703756e-09
2.247248583475548600e-09
2.024851497795212690e-09
1.812462233305772902e-09
1.605867667822836556e-09
1.409283506570727390e-09
1.227781722524967666e-09
1.062190672398243836e-09
9.097814752263884669e-10
7.725864164952432854e-10
6.515770230022744697e-10
5.404877590947889704e-10
4.351803871654625281e-10
3.345829821320731097e-10
2.390062745805013353e-10
1.472089857987946726e-10
6.104248670328702921e-11
-1.153933601328249398e-11
-7.056565845471080768e-11
-1.246014807644352564e-10
-1.747019557667363014e-10
-2.218560860025351011e-10
-2.634935257748229995e-10
-2.981969012057255597e-10
-3.316791694824815432e-10
-3.643127754904826501e-10
-3.952609424100617878e-10
-4.238373776310695680e-10
-4.432517862862861546e-10
-4.556982012458684019e-10
-4.648198647346482370e-10
-4.732032995209331753e-10
-4.836943749922442102e-10
-4.940406537892726987e-10
-5.057125572132602938e-10
-5.141813641152865538e-10
-5.168179866572133425e-10
-5.145711499044563658e-10
-5.114622777443899660e-10
-5.106837055302173967e-10
-5.132961220673448559e-10
-5.117719755974025467e-10
-5.067476972598524724e-10
-5.028430994940202867e-10
-5.001143655075620031e-10
-4.941661189322390187e-10
-4.881525125055415820e-10
-4.837647573637502620e-10
-4.783375057756408242e-10
-4.713245934221000198e-10
-4.635723410743117954e-10
-4.545864057283569213e-10
-4.463855710362202276e-10
-4.396320088741969711e-10
-4.322892497257997413e-10
-4.240180672063751025e-10
-4.156774825097992567e-10
-4.071064283850685853e-10
-4.000839402332977641e-10
-3.883276312786713330e-10
-3.774878813139336716e-10
-3.691809239156640271e-10
-3.591254691906660811e-10
-3.494508338358335698e-10
-3.411982563894716809e-10
-3.334835440297791730e-10
-3.241005752970067727e-10
-3.128750132126973387e-10
-3.008604777296262070e-10
-2.895609801748052903e-10
-2.788602108931540168e-10
-2.697637784120124115e-10
-2.613551846218332078e-10
-2.533791885140588667e-10
-2.423207055411260823e-10
-2.311477745002532102e-10
-2.177193633159979861e-10
-2.052787605103527271e-10
-1.945338126026465997e-10
-1.854037538334346303e-10
-1.774112319395196538e-10
-1.683245434898983242e-10
-1.575978467519707804e-10
-1.456181280419940877e-10
-1.328183840998564786e-10
-1.210990439121892895e-10
-1.111590395130527148e-10
-1.029392656377730199e-10
-9.576081426274814955e-11
-8.772137980529196254e-11
-7.793816298559763251e-11
-6.707690766857439825e-11
-5.668645051323438870e-11
-4.744740973764441685e-11
-3.977875122214589994e-11
-3.417121888055420442e-11
-2.956857451032093492e-11
-2.435260213470799591e-11
-1.756176634991126116e-11
-1.062741963566334739e-11
-4.718962030577527284e-12
-1.649441883545357109e-14
3.308036249323221628e-12
4.549152685517589561e-12
4.794242715295517391e-12
6.058452098247374221e-12
8.147769883896573112e-12
9.857248595522823772e-12
1.054772617163547370e-11
1.036267831312729195e-11
9.305271530637857536e-12
6.500089128731270302e-12
3.417316985133277234e-12
1.759856185300917477e-12
7.657371174820851771e-13
-5.459211572434601940e-13
-2.263778176437784126e-12
-3.899114589757709264e-12
-5.601298459402161647e-12
-8.443137492139863732e-12
-1.048522338621942098e-11
-1.094352563764747062e-11
-1.043125260313069514e-11
-1.000911536281334698e-11
-9.569858766900088183e-12
-8.494494810051756260e-12
-7.399214821457238641e-12
-7.240754189952157755e-12
-6.093329410796940851e-12
-4.222120990251669169e-12
-2.002775974271302119e-12
-3.359906904219341369e-13
7.884215883507217310e-13
2.053515011835633682e-12
2.483522561375470746e-12
1.774949844878517840e-12
1.685335709097338342e-12
1.384987883820665628e-12
1.012989320809296345e-12
3.400573440757804176e-13
-7.283842450854224119e-13
-1.267490831996204719e-12
-2.155511179986053127e-12
-3.134658224225387442e-12
-3.042234926427070399e-12
-2.660141943610325751e-12
-1.990146480176267609e-12
-1.187718103316561507e-12
-5.466336620308066958e-13
4.288324260492389623e-13
6.426464776799455079e-13
6.881449862216652520e-13
7.424609240660909526e-13
6.225938581449941241e-13
1.508124800903232341e-13
-3.614424488004732268e-13
-8.678112202590566427e-13
-9.421780801135441427e-13
-1.230289199753978133e-12
-1.040856802368015782e-12
-5.774313096813672646e-13
3.910223052575012178e-14
3.913606501829636597e-13
5.129826723007026950e-13
4.216483593485896313e-13
2.167846243808466836e-13
-3.602453026473428484e-13
-6.212478225779459587e-13
-6.777518935876861991e-13
-4.272132280342325280e-13
-1.198315246656862789e-13
1.434008237778627295e-13
3.387666179066150953e-13
2.799424413883475148e-13
-9.580049531169588078e-14
-2.920588817992499765e-13
-3.973644731788485314e-13
-2.568473133282669179e-13
-1.501714653119325675e-15
1.454950858709042378e-13
2.045711208774552669e-13
2.910665180364984979e-14
-2.311196777982810707e-13
-2.444330280475652931e-13
-1.113237533340044003e-13
8.237337349977578228e-14
1.541126317018469966e-13
5.652800941184000593e-17
-1.190636407592421701e-13
-1.722857089469648685e-13
-3.650271418764035404e-14
1.006167496818225680e-13
7.619882128669817742e-14
-8.458569703754682007e-14
-1.280488897926925846e-13
-3.048359254530028694e-14
1.036524090447554434e-13
1.569165037405384104e-14
-9.351953820649778083e-14
-7.034618159311178418e-14
5.832634155523705820e-14
4.148444817204385911e-14
-6.414609450275664859e-14
-6.251827677492887954e-14
5.549359875673082880e-14
1.699379288556753795e-14
-6.117554202623637038e-14
-1.956144249129248682e-14
5.261637072323382263e-14
-2.753333577094569375e-14
-4.310623563228480911e-14
3.583027076995755672e-14
2.353831309611861099e-15
-5.106980431040195550e-14
3.608576977600748216e-14
-5.466182786339458502e-15
-3.442050491991780445e-14
3.157689781635754798e-14
-1.641718635870706911e-14
-1.750999478197937221e-14
3.112388485366942467e-14
-3.952529403794328011e-14
2.625152393024353430e-14
-1.594934807112697287e-14
-1.932638787294412598e-15
8.866784779847449302e-15
-1.801083369869305801e-14
1.722327354142298721e-14
-1.951764970811218051e-14
1.527310835043155237e-14
-1.521473286161923374e-14
1.084007484247087818e-14
-1.062852782573158996e-14
7.184556156666071115e-15
-7.304728562988456103e-15
4.790427212660696618e-15
-5.152045370625270693e-15
3.330185831790864281e-15
-3.776614891499790592e-15
2.442201278959935304e-15
-2.870405798623249973e-15
1.886554710797893558e-15
-2.245079567450549729e-15
1.524503986842930234e-15
-1.793065751288184360e-15
1.278451105501681906e-15
-1.452946897423567897e-15
1.104527061752525656e-15
-1.188581415368865265e-15
9.771821287573934471e-16
-9.777782916822293112e-16
8.809902723777114667e-16
-8.062845348554443260e-16
8.062973881526704635e-16
-6.645463850285207543e-16
7.468588792474218408e-16
-5.459101666836909748e-16
6.985155478213406869e-16
-4.455850841840801858e-16
6.584252737848026647e-16
-3.600219105712436474e-16
6.246018689829873975e-16
-2.865267754176900978e-16
5.956295053840400379e-16
-2.230126582633143979e-16
5.704808208521253835e-16
-1.678343496315305046e-16
5.483981330141170582e-16
-1.196756552817279634e-16
5.288141418567699687e-16
-7.747028598723916156e-17
5.112979622138550221e-16
-4.034506824751036275e-17
4.955177672323617025e-16
-7.578319636945271375e-18
4.812145414084920705e-16
2.143123498333634287e-17
4.681833942583240478e-16
4.718806602992598128e-17
4.562600997088363943e-16
7.011802987183405536e-17
4.453112970436056033e-16
9.058257602206836836e-17
4.352272890351223052e-16
1.088899754288387385e-16
4.259167023886118331e-16
1.253042887735516659e-16
4.173024965347976118e-16
1.400525975126547376e-16
4.093189572233786300e-16
1.533308835262646825e-16
4.019094151408866763e-16
1.653088459945403172e-16
3.950245019751698886e-16
1.761338744338929355e-16
3.886208076866694818e-16
1.859343454344861002e-16
3.826598389850509371e-16
1.948223733829317006e-16
3.771072052310161300e-16
2.028961167008202641e-16
3.719319770753516387e-16
2.102417201978846255e-16
3.671061769269725344e-16
2.169349575171504046e-16
3.626043705299996675e-16
2.230426251545042184e-16
3.584033366214206687e-16
2.286237295866901578e-16
3.544817970550501705e-16
2.337305014585085216e-16
3.508201941553519002e-16
2.384092644258579089e-16
3.474005051080022982e-16
2.427011815695910842e-16
3.442060856022906084e-16
2.466428981753601615e-16
3.412215367594357431e-16
2.502670966096439570e-16
3.384325907136491671e-16
2.536029763832010626e-16
3.358260112592369245e-16
2.566766703432538604e-16
3.333895068249960497e-16
2.595116062175900512e-16
3.311116535257940145e-16
2.621288213307325642e-16
3.289818266554240081e-16
2.645472370041032836e-16
3.269901392243876576e-16
2.667838982998545759e-16
3.251273865001389647e-16
2.688541837919624761e-16
3.233849956668059093e-16
2.707719894693761107e-16
3.217549799492586352e-16
2.725498901854099538e-16
3.202298965980969518e-16
2.741992816677352573e-16
3.188028083194118717e-16
2.757305055840816403e-16
3.174672477385915350e-16
2.771529599027434459e-16
3.162171845952091935e-16
2.784751963836216660e-16
3.150469954024402606e-16
2.797050068732897742e-16
3.139514353291955424e-16
2.808494997659331457e-16
3.129256121264580811e-16
2.819151678852664882e-16
3.119649619096586421e-16
2.829079488197672238e-16
3.110652266549489915e-16
2.838332786350166901e-16
3.102224332729978945e-16
2.846961397524706594e-16
3.094328741397496048e-16
2.855011037090014228e-16
3.086930889726295428e-16
2.862523693676023429e-16
3.079998479673964411e-16
2.869537971453831258e-16
3.073501360803355238e-16
2.876089396900864748e-16
3.067411384022063856e-16
2.882210694253913325e-16
3.061702265310767730e-16
2.887932033147768301e-16
3.056349458726765831e-16
2.893281251497586876e-16
3.051330038169478066e-16
2.898284056461620410e-16
3.046622587174990214e-16
2.902964205792402569e-16
3.042207096225312022e-16
2.907343671678115065e-16
3.038064867104373949e-16
2.911442789090678875e-16
3.034178423727231127e-16
2.915280390056973153e-16
3.030531429055059514e-16
2.918873925482756961e-16
3.027108607657270516e-16
2.922239575812239990e-16
3.023895673524039747e-16
2.925392351502143575e-16
3.020879262748766031e-16
2.928346184546720467e-16
3.018046870794151475e-16
2.931114011785808608e-16
3.015386793945310188e-16
2.933707850852389640e-16
3.012888074731495696e-16
2.936138869498916368e-16
3.010540450970570009e-16
2.938417448902385243e-16
3.008334308218486258e-16
2.940553241532147083e-16
3.006260635417948415e-16
2.942555224073150959e-16
3.004310983409007105e-16
2.944431745882520570e-16
3.002477426227770885e-16
2.946190573370586255e-16
3.000752524927637826e-16
2.947838930700588640e-16
2.999129293756155494e-16
2.949383537093103739e-16
2.997601168526679812e-16
2.950830641100399581e-16
2.996161977071833907e-16
2.952186052070049384e-16
