# bin_4_2
6.319720603208865911e-05
6.282915151876318461e-05
6.318542633304475339e-05
6.283921903546680601e-05
6.317424343490011531e-05
6.284856582065583735e-05
6.316361083829566707e-05
6.285722566905737295e-05
6.315348408836566252e-05
6.286522932628977147e-05
6.314382059334845471e-05
6.287260464396666711e-05
6.313457945724563678e-05
6.287937672510563846e-05
6.312572132604853657e-05
6.288556806281036507e-05
6.311720824921618312e-05
6.289119867474057726e-05
6.310900355625943499e-05
6.289628623522657675e-05
6.310107175082335911e-05
6.290084620876101927e-05
6.309337842269625558e-05
6.290489198672779962e-05
6.308589018025377929e-05
6.290843503084260892e-05
6.307857460509905159e-05
6.291148502677993727e-05
6.307140023126165892e-05
6.291405005061789389e-05
6.306433655099276761e-05
6.291613675191535268e-05
6.305735405013873759e-05
6.291775055608042904e-05
6.305042427424247594e-05
6.291889588897584830e-05
6.304351992782457510e-05
6.291957642520037595e-05
6.303661500703698021e-05
6.291979536151812733e-05
6.302968496530541827e-05
6.291955571366212435e-05
6.302270690921639245e-05
6.291886063414596335e-05
6.301565981966970539e-05
6.291771374402520744e-05
6.300852478933716648e-05
6.291611946863135004e-05
6.300128526334154212e-05
6.291408336186859725e-05
6.299392726445853354e-05
6.291161239756487696e-05
6.298643957791968766e-05
6.290871520019247353e-05
6.297881386373049731e-05
6.290540217919349405e-05
6.297104465709489347e-05
6.290168552467576197e-05
6.296312921111023590e-05
6.289757901601722521e-05
6.295506713086087061e-05
6.289309759177320002e-05
6.294685974694952629e-05
6.288825663066041909e-05
6.293850918165822157e-05
6.288307090254682829e-05
6.293001707447343598e-05
6.287755316829009224e-05
6.292138296054108925e-05
6.287171244041608463e-05
6.291260233716542555e-05
6.286555196818104335e-05
6.290366451361773350e-05
6.285906707868104532e-05
6.289455041692210775e-05
6.285224309187140796e-05
6.288523061824332510e-05
6.284505362181984670e-05
6.287566393863425185e-05
6.283745966601499014e-05
6.286579707131270895e-05
6.282940994353617987e-05
6.285556568805148955e-05
6.282084293548590933e-05
6.284489744103229211e-05
6.281169096290145691e-05
6.283371707984237694e-05
6.280188636313665249e-05
6.282195353823324989e-05
6.279136936483055323e-05
6.280954829134269485e-05
6.278009662577056836e-05
6.279646358668385196e-05
6.276804867211704280e-05
6.278268844667362085e-05
6.275523385640782194e-05
6.276823988287021994e-05
6.274168625006240607e-05
6.275315691831610994e-05
6.272745550360068318e-05
6.273748618554641804e-05
6.271258849952357289e-05
6.272126030422660369e-05
6.269710566252712153e-05
6.270447375522716124e-05
6.268097854062438753e-05
6.268706459686404964e-05
6.266411830253841477e-05
6.266891222370707154e-05
6.264638483642311420e-05
6.264985897209587428e-05
6.262762080573144245e-05
6.262975487798473271e-05
6.260770352905038391e-05
6.260851115751200945e-05
6.258659299040581598e-05
6.258613471949165243e-05
6.256434504339124453e-05
6.256271381820462010e-05
6.254106654119597083e-05
6.253834441769143238e-05
6.251682056781997340e-05
6.251302789246443675e-05
6.249153511457020366e-05
6.248661133179303333e-05
6.246499371016732394e-05
6.245884005130052520e-05
6.243694925893404093e-05
6.242951658732805772e-05
6.240729629241483878e-05
6.239864299417559833e-05
6.237613838586610776e-05
6.236638011131028522e-05
6.234363187661449079e-05
6.233280415858774071e-05
6.230972002417852038e-05
6.229770612116958229e-05
6.227408142069490048e-05
6.226073462032263894e-05
6.223644469945089318e-05
6.222178235012192787e-05
6.219689264606458089e-05
6.218105735281082090e-05
6.215562857857801285e-05
6.213860920722719290e-05
6.211246637636824708e-05
6.209405002928574627e-05
6.206697437645788051e-05
6.204710196375933255e-05
6.201915325819033547e-05
6.199799300364108889e-05
6.196924591146973796e-05
6.194673007294585713e-05
6.191692610247637142e-05
6.189280475306461202e-05
6.186182020645059206e-05
6.183620468315625669e-05
6.180420072723761312e-05
6.177713212205234112e-05
6.174388236577251063e-05
6.171506026729784019e-05
6.168040848175199630e-05
6.164996236192313490e-05
6.161407063860436454e-05
6.158194165383866351e-05
6.154447916042511549e-05
6.151042884667975118e-05
6.147145518089682122e-05
6.143567697495731751e-05
6.139509237613442890e-05
6.135724411437510587e-05
6.131486644997123539e-05
6.127511438667511152e-05
6.123100256125762661e-05
6.118905422972636791e-05
6.114293871025247888e-05
6.109891243029974886e-05
6.105085376164408437e-05
6.100444783114882652e-05
6.095423023890686454e-05
6.090558498230813877e-05
6.085312663568281732e-05
6.080191821297206277e-05
6.074719962368892330e-05
6.069347974818696713e-05
6.063620423823880919e-05
6.057986550125524331e-05
6.052007374504571107e-05
6.046086688113499796e-05
6.039843462531619214e-05
6.033635898877672709e-05
6.027103738059755203e-05
6.020602149137984873e-05
6.013771303635910011e-05
6.006955542910581556e-05
5.999819588582398381e-05
5.992672620399476768e-05
5.985218120579597598e-05
5.977728093145003263e-05
5.969937998015490403e-05
5.962093264297852716e-05
5.953950842452617414e-05
5.945737890510357197e-05
5.937227220351246336e-05
5.928631066162046669e-05
5.919736333917085944e-05
5.910741178719303688e-05
5.901446195736212826e-05
5.892035725070799139e-05
5.882323774348283477e-05
5.872481226286617543e-05
5.862335053597954022e-05
5.852043215536889250e-05
5.841445055806938972e-05
5.830686255457556249e-05
5.819617860902199158e-05
5.808373966830252498e-05
5.796816632543602015e-05
5.785069064739317447e-05
5.773003654046816565e-05
5.760733402818912725e-05
5.748140374965138852e-05
5.735328027078660481e-05
5.722187469098251967e-05
5.708813240839354130e-05
5.695104904929226727e-05
5.681148682274800933e-05
5.666852029711922484e-05
5.652293416072268591e-05
5.637387668606443916e-05
5.622206040783210232e-05
5.606670240404615607e-05
5.590844813523968546e-05
5.574657891515354493e-05
5.558167793781642799e-05
5.541308649996787999e-05
5.524133008182930299e-05
5.506580601530959904e-05
5.488698638179509317e-05
5.470432089334368632e-05
5.451823232693175637e-05
5.432821940083502313e-05
5.413465947836730823e-05
5.393709717997890990e-05
5.373586815879274561e-05
5.353056009264301157e-05
5.332147045647562904e-05
5.310822738989978378e-05
5.289109356538467351e-05
5.266973522833454010e-05
5.244438348251107397e-05
5.221474055364167579e-05
5.198100908215294000e-05
5.174292537032878521e-05
5.150066658481134032e-05
5.125400141374396681e-05
5.100308443520592389e-05
5.074771523692279593e-05
5.048802859955721996e-05
5.022385371967365958e-05
4.995530828641076172e-05
4.968225000058333488e-05
4.940478208760355836e-05
4.912278982392423497e-05
4.883636452614856276e-05
4.854541828239666498e-05
4.825003298544487462e-05
4.795014692285527031e-05
4.764583497890337679e-05
4.733706116519056543e-05
4.702389570033427621e-05
4.670632796392363379e-05
4.638442577283451889e-05
4.605820361734108540e-05
4.572772908694761892e-05
4.539304159969789287e-05
4.505421058713828924e-05
4.471130025776277135e-05
4.436438382877533348e-05
4.401355017348714503e-05
4.365887808565111394e-05
4.330048094974404911e-05
4.293844474060916203e-05
4.257290712610118917e-05
4.220396263948859823e-05
4.183177287706065650e-05
4.145644203218787534e-05
4.107815508729804064e-05
4.069702666574296458e-05
4.031326433912953616e-05
3.992699353536163803e-05
3.953844328973217840e-05
3.914774974397538230e-05
3.875516186385631368e-05
3.836082587416598291e-05
3.796500864787145420e-05
3.756786524521628980e-05
3.716967785092991001e-05
3.677060842158804234e-05
3.637095120907011392e-05
3.597087236884553320e-05
3.557067426100008758e-05
3.517052373302057889e-05
3.477072653550644020e-05
3.437144586630484148e-05
3.397298537771063992e-05
3.357549945449946966e-05
3.317928342419005061e-05
3.278447693966833143e-05
3.239136013501146155e-05
3.200005139391823349e-05
3.161080832149389033e-05
3.122372110225310048e-05
3.083901728353371542e-05
3.045675186058178691e-05
3.007711498960918063e-05
2.970011988079771927e-05
2.932591267715899488e-05
2.895445918648024598e-05
2.858585627344804937e-05
2.822001841437850271e-05
2.785699005016683793e-05
2.749663289702993212e-05
2.713893879034792281e-05
2.678371862245861572e-05
2.643091526385177173e-05
2.608029491516352931e-05
2.573175971215171994e-05
2.538504216195224884e-05
2.504001701069765408e-05
2.469639927244202530e-05
2.435405485333416966e-05
2.401270246682064017e-05
2.367222236075627582e-05
2.333236214295605763e-05
2.299304275193442694e-05
2.265406790365438950e-05
2.231542620306410188e-05
2.197700359640848984e-05
2.163888028238096311e-05
2.130104527069195811e-05
2.096368658927864174e-05
2.062690689375351982e-05
2.029100547920020922e-05
1.995619396553650015e-05
1.962286892453692669e-05
1.929132709787679831e-05
1.896202814763929179e-05
1.863530973020433108e-05
1.831164101858368752e-05
1.799133924903182174e-05
1.767481616611755646e-05
1.736229920759437399e-05
1.705407460667864651e-05
1.675021778062900398e-05
1.645083795972593037e-05
1.615582294885572879e-05
1.586509010057260023e-05
1.557834964439969502e-05
1.529536483003690673e-05
1.501573484459123646e-05
1.473916265696139373e-05
1.446525320505850096e-05
1.419378146002817362e-05
1.392449533207442524e-05
1.365737078024026617e-05
1.339240456475324769e-05
1.312984131437320166e-05
1.286994267549574649e-05
1.261317684767761299e-05
1.235996082411594485e-05
1.211081743461856580e-05
1.186610522657405952e-05
1.162616729656853245e-05
1.139108103545363782e-05
1.116083551851801256e-05
1.093513670976496794e-05
1.071364107031900904e-05
1.049582829014183765e-05
1.028128149067417440e-05
1.006959253828989782e-05
9.860630323987787027e-06
9.654403989638870594e-06
9.451242833159845366e-06
9.251557768167436156e-06
9.055910154653787643e-06
8.864700823301933507e-06
8.678213942627416942e-06
8.496364314575177319e-06
8.318861983740215250e-06
8.145134231909878061e-06
7.974651598164271912e-06
7.806956213983154790e-06
7.641971218156799612e-06
7.479890022102793979e-06
7.321239981490061468e-06
7.166520250716076882e-06
7.016102067258448837e-06
6.869900046141058543e-06
6.727507303889227349e-06
6.588237570727445869e-06
6.451580521172501808e-06
6.317342280817710056e-06
6.185864605275077093e-06
6.057690654274155573e-06
5.933312335233685348e-06
5.812692397936811351e-06
5.695340219804809854e-06
5.580496625778057481e-06
5.467756994339262994e-06
5.357254114504187606e-06
5.249624943054086499e-06
5.145339956393747700e-06
5.044326333364118128e-06
4.945870620634084724e-06
4.849314520013462360e-06
4.754549993793848115e-06
4.662140844456607663e-06
4.572554813717392379e-06
4.485655289874812250e-06
4.400750174605909096e-06
4.317486099037366257e-06
4.236152790265268955e-06
4.157222394331780589e-06
4.080452458408307424e-06
4.005177745357658233e-06
3.931201973637788711e-06
3.859150738872501601e-06
3.789353750417916135e-06
3.721273648887407164e-06
3.654294865221814854e-06
3.588720106165291628e-06
3.524898563676157490e-06
3.462406654823235005e-06
3.400851374269237810e-06
3.340792971276007245e-06
3.282463817959443803e-06
3.225215613007330480e-06
3.168856147697937480e-06
3.113846788570624546e-06
3.059814260904451586e-06
3.006438030835177259e-06
2.954262317965464485e-06
2.903293247963665121e-06
2.853122712133902421e-06
2.804052017585095079e-06
2.755804491653780930e-06
2.708128291797387696e-06
2.661301139692429784e-06
2.615044023863793272e-06
2.569537732814204277e-06
2.525063107268546159e-06
2.481263320311345381e-06
2.438261551283871219e-06
2.395743317201421152e-06
2.353774206130623542e-06
2.312272700021343899e-06
2.271205466124773972e-06
2.230857404350494781e-06
2.191216251710645882e-06
2.152292285763007691e-06
2.113843169481646851e-06
2.075825579546042149e-06
2.038164399424775115e-06
2.000823437998926885e-06
1.963847947390280294e-06
1.927511212662708608e-06
1.891816325162688419e-06
1.856700097903463318e-06
1.821997332046807616e-06
1.787591972021463326e-06
1.753473848215835668e-06
1.719580091537896530e-06
1.686047230521016580e-06
1.653134914974346994e-06
1.620824680480116870e-06
1.589008074330111412e-06
1.557540992737401004e-06
1.526317464858489211e-06
1.495337515471560322e-06
1.464537932298400681e-06
1.434144959722923448e-06
1.404359950460823657e-06
1.375151831923450619e-06
1.346354991781516042e-06
1.317869748456151456e-06
1.289625458350893909e-06
1.261596118429577862e-06
1.233725802128346603e-06
1.206302035988921626e-06
1.179493144176095190e-06
1.153244782522611763e-06
1.127348459919666990e-06
1.101721650487387362e-06
1.076345088409921008e-06
1.051158219668107979e-06
1.026134841189617089e-06
1.001599617745869747e-06
9.776582982517611686e-07
9.542385880760480078e-07
9.311342893605576209e-07
9.082838067250660989e-07
8.857032996992627021e-07
8.632826679558550534e-07
8.410634837986997357e-07
8.193834168620631492e-07
7.982356594166366691e-07
7.775551823594375065e-07
7.571910524658621625e-07
7.370687209379744650e-07
7.172413516793405005e-07
6.975791197960437449e-07
6.781708425310111230e-07
6.593194165414771435e-07
6.409446501309487002e-07
6.229695614539491183e-07
6.052961271309461916e-07
5.878851495761326839e-07
5.707902823986342538e-07
5.538532581292023419e-07
5.372437281568689491e-07
5.211380910649443224e-07
5.054625877033382433e-07
4.900985610339426706e-07
4.750328983063733158e-07
4.602732102036374431e-07
4.458318809779228902e-07
4.315466140419337117e-07
4.176248512304049504e-07
4.041548695235913082e-07
3.910760912151612843e-07
3.782644239167593800e-07
3.657441593297351466e-07
3.535741770698741503e-07
3.417119116642836873e-07
3.300225798257921912e-07
3.187109935330104924e-07
3.077733594541265150e-07
2.971703483341645548e-07
2.868075082004383016e-07
2.767131567963918196e-07
2.669645868517974173e-07
2.574562303934423172e-07
2.481087086641028296e-07
2.390893425076380693e-07
2.302960460847446615e-07
2.217234708470614723e-07
2.133328152828607624e-07
2.051149019196060210e-07
1.971605314915653739e-07
1.893469992748246351e-07
1.816408204093984070e-07
1.741514332060614021e-07
1.667697235250480149e-07
1.595139460193032696e-07
1.523924295826530005e-07
1.454036561665148379e-07
1.386382506574757954e-07
1.319811906144804984e-07
1.254724141919802489e-07
1.191321619459324473e-07
1.129318835393866972e-07
1.068766023792106785e-07
1.010121982973632197e-07
9.533984248700201786e-08
8.991873206971224751e-08
8.465629973332773395e-08
7.959855177729048718e-08
7.471117334369172339e-08
7.000449946807586568e-08
6.547709328897760284e-08
6.116436316365605386e-08
5.706725594646504243e-08
5.321059134357530183e-08
4.953345034541146837e-08
4.605278411659120609e-08
4.271065904547860011e-08
3.952435733538700514e-08
3.649368303390564753e-08
3.363137265184586912e-08
3.093888350188360694e-08
2.842833038231656690e-08
2.607268654143917675e-08
2.386861076528192129e-08
2.177525509988785915e-08
1.981507577233159608e-08
1.799178878779217280e-08
1.629802906514932150e-08
1.472462735085857277e-08
1.327136216139839729e-08
1.191648574497555851e-08
1.063802678052117636e-08
9.429161752985242590e-09
8.311728036553393734e-09
7.293093230696977220e-09
6.368991776351941608e-09
5.531384872249202481e-09
4.784295355152352399e-09
4.105890948440004022e-09
3.462884200001698650e-09
2.856997873895935260e-09
2.294533725103911136e-09
1.775695208294111567e-09
1.300388471128970741e-09
8.759106569421307941e-10
5.272017142640959639e-10
2.296061821346708478e-10
-4.446896109813760992e-11
-3.003676757598178680e-10
-5.305565905554890921e-10
-7.403638841250443853e-10
-9.374804289087562516e-10
-1.119927784896558000e-09
-1.267414093719485547e-09
-1.398074761584501500e-09
-1.505121569236346066e-09
-1.585095036404045148e-09
-1.635049096034891925e-09
-1.672329370983866446e-09
-1.717702720041055757e-09
-1.773416121705897624e-09
-1.827159008910453476e-09
-1.883177427911964970e-09
-1.906527527801856847e-09
-1.897574305078989277e-09
-1.868715498482735635e-09
-1.839604106250459811e-09
-1.832379788394860912e-09
-1.834976146022262368e-09
-1.828136716253652400e-09
-1.820841463417990921e-09
-1.801157123193609519e-09
-1.770234932322122458e-09
-1.729574189823638172e-09
-1.692721526927305798e-09
-1.670166253475406454e-09
-1.642023445054636752e-09
-1.604992541723690541e-09
-1.565175050028976799e-09
-1.530082763734957086e-09
-1.499944530038001721e-09
-1.472024055014575150e-09
-1.439368763258347794e-09
-1.404455982090599331e-09
-1.366946105353185069e-09
-1.331084323199020238e-09
-1.289793475570050920e-09
-1.246692274409941117e-09
-1.220910651090134377e-09
-1.200791066655147910e-09
-1.168643700151250543e-09
-1.134668570889759112e-09
-1.106968176224084816e-09
-1.081967603870476932e-09
-1.046032587519488534e-09
-1.005987158894631849e-09
-9.775405870053270703e-10
-9.530244567071084406e-10
-9.248089050064699139e-10
-9.034445678203096272e-10
-8.904862144033806660e-10
-8.694948688228349736e-10
-8.422860826497299957e-10
-8.082627691963055189e-10
-7.717235409666021633e-10
-7.454928740704505791e-10
-7.251051198169521340e-10
-7.145572377470066877e-10
-7.101796628166569581e-10
-6.913982521053041865e-10
-6.696505903857065653e-10
-6.365722832450635897e-10
-5.987841430364066419e-10
-5.750851197220381580e-10
-5.606175465104402738e-10
-5.569670255814897454e-10
-5.516437130288676587e-10
-5.370597470457878532e-10
-5.125351308449298290e-10
-4.809881999921359481e-10
-4.483592788415682302e-10
-4.276196132843638295e-10
-4.157089853821922174e-10
-4.133887936928138863e-10
-4.059547412924296928e-10
-3.907595647754564759e-10
-3.634916575782345294e-10
-3.363406831392952623e-10
-3.105592645656733038e-10
-2.913888802737044369e-10
-2.797308558586240310e-10
-2.761233287737457602e-10
-2.688436288321979020e-10
-2.507000565875064301e-10
-2.242022414504192369e-10
-2.016799700506304754e-10
-1.819657231594380929e-10
-1.645322095428904249e-10
-1.534875888585669550e-10
-1.500576890600614813e-10
-1.419883782859744321e-10
-1.244021306414973640e-10
-1.029403522526780911e-10
-8.644797581604250616e-11
-7.270397443466080492e-11
-5.876117153424484456e-11
-5.152001437925424119e-11
-5.105305717676160930e-11
-4.310860964598435864e-11
-3.117425143847088991e-11
-1.831384308178287981e-11
-9.016094126566389036e-12
-2.926231238651794931e-12
4.388763018721243253e-12
5.045421604735830178e-12
1.165937335202628488e-12
4.798244270412903036e-12
9.068090902200783996e-12
1.257183011775016808e-11
1.363749485198718415e-11
1.265555471015021134e-11
1.351755487140109738e-11
7.573336869172390540e-12
1.650959709102060083e-12
3.203331995574890065e-13
4.183638531449408127e-14
-2.004817708232599278e-12
-4.706568797823048765e-12
-7.221310016655960638e-12
-7.838234687600720240e-12
-1.373930604131819915e-11
-1.679180590476908051e-11
-1.707216241948976141e-11
-1.546265027976539711e-11
-1.509587682955137581e-11
-1.486393038502489494e-11
-1.306589980476256162e-11
-1.048233579583556723e-11
-1.150323322968201381e-11
-9.322761912386168198e-12
-6.635169340929637344e-12
-3.053817059195553532e-12
-7.675734729933249790e-13
4.405496033366277267e-13
2.698740076957287763e-12
3.625455969382737510e-12
1.893734368794700617e-12
2.341897514443206117e-12
1.723123631269342323e-12
1.218011581268361836e-12
3.362091913508664118e-13
-1.581994878721007356e-12
-1.988329567757053507e-12
-3.232320327511689794e-12
-4.855762828738644642e-12
-4.440225364794774414e-12
-3.957010795838256405e-12
-3.034520801789719493e-12
-1.791170327242411229e-12
-1.083747600188047405e-12
6.203758860013135976e-13
7.937757525904015594e-13
9.552224755532184926e-13
1.012228247929302394e-12
8.691608444851744263e-13
8.186977864149459277e-14
-6.005652350984991068e-13
-1.440443894907991360e-12
-1.393885448357487117e-12
-1.874005839887328096e-12
-1.488474734090630032e-12
-8.584883141978900352e-13
5.074253546268952462e-14
5.061498414480932054e-13
6.987106565846044873e-13
5.198017856155766310e-13
2.765058062760444789e-13
-5.755391461341050705e-13
-8.894802818330869276e-13
-1.001227407293232962e-12
-6.323934736936569241e-13
-2.031654744536435902e-13
1.878560217507609909e-13
4.506874907656497711e-13
3.823960455525862500e-13
-1.570290208275670035e-13
-4.225531360913366559e-13
-5.925442192087144924e-13
-3.869669934032135627e-13
-1.893731458833412931e-14
2.039976754825835610e-13
2.780266040085360639e-13
2.969298611069854387e-14
-3.385087408355980115e-13
-3.592572531408221068e-13
-1.738910565633436629e-13
1.105064827372380651e-13
2.162054580152069330e-13
-4.053749625057379888e-16
-1.849355674419408456e-13
-2.552756470826860082e-13
-5.370015274864453524e-14
1.425884171056681856e-13
1.015629795929237204e-13
-1.267966830313433977e-13
-1.876997371454907790e-13
-4.266957168382120215e-14
1.412810998646730283e-13
2.084711678583882579e-14
-1.369888022838608365e-13
-1.023667139426468288e-13
8.020934095315147417e-14
5.836458433612629683e-14
-9.432910588685029504e-14
-9.017660554457935908e-14
7.597359713231534257e-14
2.589698237112189054e-14
-9.103181257119663092e-14
-2.833514688260540435e-14
7.493577984258728376e-14
-4.055582414532581811e-14
-6.293670689016702320e-14
5.205747392787382413e-14
1.468173369357832648e-15
-7.234201372231624196e-14
5.054736472787805504e-14
-7.407814085042585887e-15
-4.993566545708486310e-14
4.549317619438708397e-14
-2.369105679238291079e-14
-2.503691258174181153e-14
4.476688606004598459e-14
-5.656672053301211803e-14
3.783095345568149468e-14
-2.256009132129329948e-14
-2.634646529105057576e-15
1.321991741452018416e-14
-2.570576495671841488e-14
2.532089615702341562e-14
-2.782844724797420846e-14
2.258479032560262806e-14
-2.159603857336043626e-14
1.626199863376379089e-14
-1.495553104315408055e-14
1.104435243058100714e-14
-1.013149787070205489e-14
7.631236000096515219e-15
-6.994160083541958668e-15
5.554331178227612025e-15
-4.977882169011587209e-15
4.295368577030843988e-15
-3.639917915497917733e-15
3.510517656517981103e-15
-2.709346438636638111e-15
3.001082214835764920e-15
-2.031254045207339550e-15
2.656070115238403001e-15
-1.517042026467563228e-15
2.412848526574851166e-15
-1.114448025512885368e-15
2.235030099962263591e-15
-7.912809362192675967e-16
2.100715162798755458e-15
-5.267841724356460989e-16
1.996251415415935775e-15
-3.069818073917820698e-16
1.912848592688820335e-15
-1.220919634343018538e-16
1.844682773708452199e-15
3.496559967946075075e-17
1.787797722811439127e-15
1.694645339410199256e-16
1.739446487906929298e-15
2.854291534223186086e-16
1.697684454024284959e-15
3.859937150193306010e-16
1.661110745711097316e-15
4.736416064766734103e-16
1.628699823898271388e-15
5.503692845547656607e-16
1.599689439529767182e-15
6.178016250148216156e-16
1.573504674620490630e-15
6.772750194511022419e-16
1.549705599167692279e-15
7.298985143100332212e-16
1.527950683322404241e-15
7.765996492289973293e-16
1.507970900818134905e-15
8.181594065129626163e-16
1.489551196241064274e-15
8.552392593332552603e-16
1.472517092155076924e-15
8.884023852283773662e-16
1.456724925295654845e-15
9.181305007936168494e-16
1.442054671712122785e-15
9.448373625501386851e-16
1.428404635318160473e-15
9.688796952092454869e-16
1.415687488692599319e-15
9.905661112170372020e-16
1.403827302075886356e-15
1.010164444653447112e-15
1.392757298808784207e-15
1.027907821087434868e-15
1.382418148292814308e-15
1.043999710936736291e-15
1.372756658286668913e-15
1.058618158846919420e-15
1.363724765714012333e-15
1.071919340043052865e-15
1.355278751054397436e-15
1.084040563940637957e-15
1.347378621528883104e-15
1.095102820430706489e-15
1.339987621732497841e-15
1.105212946453382668e-15
1.333071841212807821e-15
1.114465475256402838e-15
1.326599896055088366e-15
1.122944219574800511e-15
1.320542667181791526e-15
1.130723630826018520e-15
1.314873082486396530e-15
1.137869968921700994e-15
1.309565932898288812e-15
1.144442311543179261e-15
1.304597715148095772e-15
1.150493426897835905e-15
1.299946495403999130e-15
1.156070529992404622e-15
1.295591789704873812e-15
1.161215939306414466e-15
1.291514457870943049e-15
1.165967648163032583e-15
1.287696608359378778e-15
1.170359822650827821e-15
1.284121512205617988e-15
1.174423236480624935e-15
1.280773524644615066e-15
1.178185651360577902e-15
1.277638013163329620e-15
1.181672150213561349e-15
1.274701291128101219e-15
1.184905429707910242e-15
1.271950556353430303e-15
1.187906057318739218e-15
1.269373833976760292e-15
1.190692697755276705e-15
1.266959923238827398e-15
1.193282312565416600e-15
1.264698347757274878e-15
1.195690336444829758e-15
1.262579309064409807e-15
1.197930833213007956e-15
1.260593643073045891e-15
1.200016633962141005e-15
1.258732779295862299e-15
1.201959459642176844e-15
1.256988702645957388e-15
1.203770029963797624e-15
1.255353917567652772e-15
1.205458160334037238e-15
1.253821414435481543e-15
1.207032848190114149e-15
1.252384638058481181e-15
1.208502350107098898e-15
1.251037458114070407e-15
1.209874250629852874e-15
1.249774141439239484e-15
1.211155523945303185e-15
1.248589326089138999e-15
1.212352589110285195e-15
1.247477996974928141e-15
1.213471359612105187e-15
1.246435463097610872e-15
1.214517287935053197e-15
1.245457336160469429e-15
1.215495405607637831e-15
1.244539510604071416e-15
1.216410359340866791e-15
1.243678144858460866e-15
1.217266443586427726e-15
1.242869643818144057e-15
1.218067629951247926e-15
1.242110642428943024e-15
1.218817593810847595e-15
1.241397990331645392e-15
1.219519738373541369e-15
1.240728737464264974e-15
1.220177216504794132e-15
1.240100120624646051e-15
1.220792950524440572e-15
1.239509550846672953e-15
1.221369650179418553e-15
1.238954601609418741e-15
1.221909828965696660e-15
1.238432997786216824e-15
1.222415818996832818e-15
1.237942605288795943e-15
1.222889784513016518e-15
1.237481421360867976e-15
1.223333734199752104e-15
1.237047565493982036e-15
1.223749532410610326e-15
1.236639270888445372e-15
1.224138909394588508e-15
1.236254876446974655e-15
1.224503470630961170e-15
1.235892819264087179e-15
1.224844705333596991e-15
1.235551627558723825e-15
1.225163994228910202e-15
1.235229914041682476e-15
1.225462616641433294e-15
1.234926369666785149e-15
1.225741756960739767e-15
1.234639757758771744e-15
1.226002510561081800e-15
1.234368908481331506e-15
1.226245889188751328e-15
1.234112713628307314e-15
1.226472825899188302e-15
