# bin_3_2
4.878117435993757276e-05
4.842126410756127661e-05
4.876980583576721477e-05
4.843127748585650141e-05
4.875903582486821019e-05
4.844060267957739705e-05
4.874882033514476518e-05
4.844927399388399453e-05
4.873911746644476285e-05
4.845732288478790391e-05
4.872988723944708677e-05
4.846477811187782983e-05
4.872109143694922236e-05
4.847166588160968227e-05
4.871269345768746274e-05
4.847800998322674836e-05
4.870465818351054168e-05
4.848383191912442589e-05
4.869695185989471304e-05
4.848915103169620580e-05
4.868954199108940670e-05
4.849398462901677320e-05
4.868239725062314260e-05
4.849834811139173160e-05
4.867548740848079468e-05
4.850225510148276840e-05
4.866878327642183396e-05
4.850571758031427830e-05
4.866225667305639440e-05
4.850874603173405320e-05
4.865588041021965023e-05
4.851134959802239614e-05
4.864962830248752634e-05
4.851353624881664731e-05
4.864347520119859656e-05
4.851531296557717231e-05
4.863739705413052956e-05
4.851668594302684708e-05
4.863137099128403499e-05
4.851766080817362546e-05
4.862537543639727176e-05
4.851824285649296422e-05
4.861939024196843602e-05
4.851843730260985984e-05
4.861339684402819631e-05
4.851824954104769552e-05
4.860737842995564993e-05
4.851768540908630206e-05
4.860132010934380137e-05
4.851675144047580323e-05
4.859520907398980159e-05
4.851545509373077214e-05
4.858903472808120158e-05
4.851380493441344939e-05
4.858278876445699165e-05
4.851181074435607346e-05
4.857646515753731575e-05
4.850948352637398205e-05
4.857006003807673471e-05
4.850683536795611002e-05
4.856357141175055345e-05
4.850387912510595735e-05
4.855699868242509487e-05
4.850062788873798488e-05
4.855034194484875973e-05
4.849709420285799796e-05
4.854360102175976475e-05
4.849328901824231339e-05
4.853677424054209154e-05
4.848922039114943845e-05
4.852985697563139746e-05
4.848489197418499587e-05
4.852284002824391223e-05
4.848030139872449017e-05
4.851570797307321113e-05
4.847543871209934925e-05
4.850843767057836520e-05
4.847028510435777410e-05
4.850099721443458354e-05
4.846481222643383145e-05
4.849334564239831356e-05
4.845898244586931613e-05
4.848543376210229391e-05
4.845275038085547075e-05
4.847720640068552763e-05
4.844606596463870942e-05
4.846860624373226876e-05
4.843887908636256847e-05
4.845957915451787990e-05
4.843114550849074532e-05
4.845008044882358612e-05
4.842283328323508180e-05
4.844008107651484965e-05
4.841392834521101934e-05
4.842957213115164542e-05
4.840443749085879960e-05
4.841856576480463721e-05
4.839438680331304392e-05
4.840709070216409461e-05
4.838381404447843946e-05
4.839518142705001228e-05
4.837275488158333944e-05
4.838286194392947152e-05
4.836122509770015009e-05
4.837012765519167388e-05
4.834920375206949099e-05
4.835693162111417211e-05
4.833662453356200444e-05
4.834318286368588502e-05
4.832338258269013557e-05
4.832876257815061862e-05
4.830936005729089542e-05
4.831355773560213105e-05
4.829446509035093172e-05
4.829750124554423203e-05
4.827866785291424817e-05
4.828059788580381872e-05
4.826201048956426114e-05
4.826291354886435013e-05
4.824457344603521214e-05
4.824451996259257545e-05
4.822640431560970119e-05
4.822541786991673557e-05
4.820744925140022847e-05
4.820549217827532523e-05
4.818754590012822714e-05
4.818455135637458295e-05
4.816650885534274934e-05
4.816244680500584636e-05
4.814425900189780815e-05
4.813917972671730156e-05
4.812087417656097282e-05
4.811487058575997006e-05
4.809647186232833283e-05
4.808957636523879980e-05
4.807100957398177904e-05
4.806313989717502498e-05
4.804424606589232169e-05
4.803529707754767132e-05
4.801597759170383653e-05
4.800596701845380931e-05
4.798626628565092996e-05
4.797530563418630860e-05
4.795526482262358508e-05
4.794334992254707927e-05
4.792283349602074387e-05
4.790980841185577948e-05
4.788864817045769518e-05
4.787447217336613021e-05
4.785270926433681231e-05
4.783751208857778958e-05
4.781519909602635642e-05
4.779893312255768264e-05
4.777587268955645213e-05
4.775835327525526695e-05
4.773444939778769431e-05
4.771576293435606490e-05
4.769113368903229858e-05
4.767131368747092133e-05
4.764578635316254600e-05
4.762460972561800046e-05
4.759806437094913701e-05
4.757563060900944633e-05
4.754818647167779284e-05
4.752445356495404891e-05
4.749585993185664423e-05
4.747065082665613577e-05
4.744095021725502513e-05
4.741441201227134992e-05
4.738352745573149317e-05
4.735540499022183571e-05
4.732319774295596222e-05
4.729361743631172333e-05
4.726012985699819946e-05
4.722887362427625584e-05
4.719390155067308505e-05
4.716105958898715779e-05
4.712464678895724308e-05
4.708999385582749277e-05
4.705197669668221097e-05
4.701561930500584722e-05
4.697593481372119969e-05
4.693763088954349603e-05
4.689626294719259050e-05
4.685605229077601148e-05
4.681277674046813988e-05
4.677057958087160532e-05
4.672542560146229355e-05
4.668105558523615733e-05
4.663392857211929432e-05
4.658738592085720780e-05
4.653809777187537433e-05
4.648932943797122122e-05
4.643780572919476530e-05
4.638666099496546746e-05
4.633285229962894709e-05
4.627920372645926805e-05
4.622300799676537394e-05
4.616676698802826291e-05
4.610805507314789860e-05
4.604913449267160341e-05
4.598777965089850041e-05
4.592607828528419363e-05
4.586195986785554822e-05
4.579736537629012513e-05
4.573036355173743168e-05
4.566275740116774816e-05
4.559274952598432143e-05
4.552200923581714397e-05
4.544886869690111799e-05
4.537486835040839317e-05
4.529846449294625482e-05
4.522107471196618001e-05
4.514127303183785472e-05
4.506036090746686797e-05
4.497702325669659007e-05
4.489245235125416124e-05
4.480543712408478128e-05
4.471706754791807711e-05
4.462622986487680326e-05
4.453391841518074772e-05
4.443911032438776072e-05
4.434271067790496271e-05
4.424378138746416913e-05
4.414314434465864943e-05
4.403994049598902022e-05
4.393491427800081783e-05
4.382728026790636862e-05
4.371771086977186240e-05
4.360548922819013160e-05
4.349122083311758098e-05
4.337425266325255880e-05
4.325512812362199399e-05
4.313325361125716639e-05
4.300911500265797816e-05
4.288217400166777709e-05
4.275286325681511838e-05
4.262069595818726797e-05
4.248605558799474410e-05
4.234850327997414132e-05
4.220837718943167927e-05
4.206528311666440798e-05
4.191951752345453400e-05
4.177072785321598648e-05
4.161917231719609135e-05
4.146453722090130396e-05
4.130704579264708862e-05
4.114642065082103558e-05
4.098285314733626002e-05
4.081609988603115155e-05
4.064632330143703055e-05
4.047331186766390615e-05
4.029720192613620944e-05
4.011781190918180181e-05
3.993525476653844182e-05
3.974937717098180615e-05
3.956027127006481566e-05
3.936781044482230002e-05
3.917206852807818783e-05
3.897294425378448922e-05
3.877049553412238541e-05
3.856464526849733151e-05
3.835543775647827773e-05
3.814281903390189275e-05
3.792682201545370717e-05
3.770741499264490651e-05
3.748462164665833282e-05
3.725843178096327322e-05
3.702886192014265856e-05
3.679592276032248737e-05
3.655962567137487160e-05
3.632000173277403766e-05
3.607705908324083650e-05
3.583084876962779058e-05
3.558137753822788405e-05
3.532871606127862212e-05
3.507287143638278373e-05
3.481393367057434684e-05
3.455191184725348795e-05
3.428691504276501945e-05
3.401895583268429481e-05
3.374816209174529550e-05
3.347455124205392764e-05
3.319826964513474194e-05
3.291934074260204291e-05
3.263792899018088983e-05
3.235406480552513849e-05
3.206793021938117465e-05
3.177956332467597733e-05
3.148916303056612794e-05
3.119677550078900325e-05
3.090261559318598100e-05
3.060673758286476445e-05
3.030937105390271922e-05
3.001057802345639901e-05
2.971060122473390659e-05
2.940950958125305463e-05
2.910755698182838330e-05
2.880481789927074533e-05
2.850155491008512016e-05
2.819784610867916754e-05
2.789395976775124489e-05
2.758997506728804667e-05
2.728616242729533066e-05
2.698259895035420166e-05
2.667955308746244959e-05
2.637709608358288120e-05
2.607548976093845635e-05
2.577479515872294487e-05
2.547526233714881937e-05
2.517693731512852902e-05
2.488005291343643521e-05
2.458463501734072697e-05
2.429089358881395615e-05
2.399882921407775591e-05
2.370862352277156897e-05
2.342024692187608627e-05
2.313384776327528746e-05
2.284936211343812295e-05
2.256690110802298771e-05
2.228636355780452081e-05
2.200782101672214177e-05
2.173113397425763436e-05
2.145633423695947231e-05
2.118324539969187339e-05
2.091186219393062072e-05
2.064197585742601595e-05
2.037355012787266849e-05
2.010635203395441328e-05
1.984032420215085311e-05
1.957522146334057399e-05
1.931097908625054388e-05
1.904735542633456260e-05
1.878429559786359487e-05
1.852158018438186527e-05
1.825918371595240292e-05
1.799692922121437686e-05
1.773484070190559274e-05
1.747280305785023409e-05
1.721090757945334930e-05
1.694911656031833277e-05
1.668760071245254699e-05
1.642640765945231550e-05
1.616579019174439624e-05
1.590587788712082796e-05
1.564699535028668141e-05
1.538933652223711704e-05
1.513327256814950559e-05
1.487902907472891461e-05
1.462698409831099790e-05
1.437734940484961008e-05
1.413046030726338042e-05
1.388646324899001765e-05
1.364560023810431091e-05
1.340790611363467970e-05
1.317349123181170682e-05
1.294225220511176759e-05
1.271415646576455662e-05
1.248896955049218973e-05
1.226654369985846325e-05
1.204656241478924775e-05
1.182883207519127077e-05
1.161304054155403665e-05
1.139904632356469151e-05
1.118664337733438900e-05
1.097583812970477265e-05
1.076660940589208207e-05
1.055916217864641263e-05
1.035367258925814013e-05
1.015051141002541792e-05
9.949971605411883155e-06
9.752465230230044499e-06
9.558244180008126421e-06
9.367588488094945255e-06
9.180544008516026869e-06
8.997129347766754187e-06
8.817116764571290765e-06
8.640278290427225538e-06
8.466218789937013904e-06
8.294654305829202178e-06
8.125271498944710774e-06
7.957995121658893655e-06
7.792818684502329256e-06
7.630004677215988031e-06
7.469842346267349980e-06
7.312763958324867220e-06
7.159051299209590083e-06
7.008931620139511265e-06
6.862329298135975583e-06
6.719049026453864106e-06
6.578658374957301595e-06
6.440788003025372045e-06
6.305094180552727594e-06
6.171544185889601217e-06
6.040277200078574894e-06
5.911705722348009291e-06
5.786192277606210060e-06
5.664028665579436192e-06
5.545140076531514623e-06
5.429237554460174475e-06
5.315799305715142626e-06
5.204459120269416446e-06
5.095062116330784938e-06
4.987875973636292113e-06
4.883295595866619434e-06
4.781702148702049765e-06
4.683062022435405200e-06
4.587027400497896719e-06
4.493028096796140952e-06
4.400776998883623989e-06
4.310362866227777356e-06
4.222268603010493822e-06
4.136832980532897785e-06
4.054012277121938887e-06
3.973267530165286928e-06
3.894119619468363301e-06
3.816477717880129241e-06
3.740768560209090211e-06
3.667330193319774594e-06
3.596071551584127474e-06
3.526470685773527741e-06
3.458272286601483645e-06
3.391679154347508021e-06
3.327047655874060757e-06
3.264189819953740080e-06
3.202620733485542346e-06
3.142183343576253025e-06
3.083342384884332671e-06
3.026328724473390354e-06
2.970751165855984590e-06
2.916148463257048724e-06
2.862751686078316464e-06
2.810805597781689991e-06
2.759994949211224645e-06
2.710017540700780837e-06
2.661296272542156002e-06
2.613995729707317774e-06
2.567635281695440059e-06
2.522057370039495143e-06
2.477607455213790528e-06
2.434004350646240625e-06
2.391015114381037814e-06
2.349029664713676831e-06
2.308050455674394855e-06
2.267763565988838955e-06
2.228396780979901383e-06
2.189740891182372303e-06
2.151611160880318490e-06
2.114199385282133345e-06
2.077300620792858545e-06
2.041041537136866371e-06
2.005629596334836052e-06
1.970793011760600009e-06
1.936626847098053694e-06
1.902886086853085161e-06
1.869622419211037169e-06
1.836772148851279665e-06
1.804307590229632995e-06
1.772430211991163194e-06
1.741135460626172317e-06
1.710422566256711840e-06
1.680112246846577001e-06
1.650169393458477898e-06
1.620538621435078690e-06
1.591183901374465908e-06
1.562145260018087866e-06
1.533615196227577300e-06
1.505597140755727491e-06
1.478038958291938744e-06
1.450822308886229369e-06
1.423852475733290729e-06
1.397124055716026013e-06
1.370588321567842355e-06
1.344344710666157921e-06
1.318583666486118352e-06
1.293291064356266032e-06
1.268383894519038096e-06
1.243754867499893782e-06
1.219320803784451920e-06
1.195083103481354859e-06
1.170991696235531742e-06
1.147218826979755494e-06
1.123908619961045253e-06
1.101042889900874559e-06
1.078492809638876496e-06
1.056185222953377420e-06
1.034061635092076543e-06
1.012105026772964400e-06
9.902739951364869441e-07
9.687864296148033516e-07
9.477669476016643493e-07
9.271778591407489607e-07
9.068597135960645230e-07
8.867491325720474570e-07
8.668260637261571099e-07
8.470483106652700681e-07
8.273988923039943162e-07
8.081256538985243232e-07
7.893090871230444944e-07
7.708969623009762093e-07
7.527294358163494497e-07
7.347565171973985545e-07
7.169836426049820940e-07
6.993319877993259448e-07
6.818362336739771445e-07
6.647556440378255327e-07
6.480877712234885737e-07
6.317828625520870910e-07
6.157193388700669937e-07
5.998361280256882194e-07
5.841659657278549318e-07
5.686155185694449107e-07
5.532565467419939629e-07
5.383245902807563161e-07
5.237618890464044845e-07
5.095074040912146692e-07
4.954785873471019224e-07
4.816419870836526811e-07
4.680328762055836774e-07
4.545381510679882198e-07
4.412926973084388345e-07
4.284401943758256129e-07
4.159252542811994623e-07
4.036540623846668401e-07
3.916088796630795801e-07
3.797933618838320860e-07
3.682122135988856658e-07
3.567475393390683290e-07
3.455640824951071321e-07
3.347391381696017130e-07
3.242231553856608083e-07
3.139150449286274884e-07
3.038265753349250379e-07
2.940019915503843090e-07
2.844043156060980928e-07
2.749347907537278732e-07
2.657588148990228282e-07
2.568830274927271950e-07
2.482728844630877537e-07
2.398507004005210827e-07
2.316361619546925806e-07
2.236918822395884681e-07
2.159346395055954436e-07
2.083102342714407530e-07
2.009595126081340518e-07
1.938098336497790539e-07
1.868518265649365803e-07
1.800499379529883622e-07
1.733932053999676594e-07
1.669519363117176317e-07
1.606244179133080874e-07
1.543880764344414552e-07
1.483370766457810932e-07
1.423859476686589605e-07
1.365428424132433832e-07
1.308099342167980731e-07
1.251829394554455464e-07
1.197317414221362763e-07
1.143581905201102697e-07
1.090968963509138724e-07
1.039686742444046780e-07
9.894648930941605850e-08
9.402735494954349422e-08
8.924592415644674000e-08
8.460379919143475976e-08
8.014882925169177748e-08
7.580301002489128451e-08
7.161068786390207952e-08
6.754864284306846572e-08
6.362265188067111832e-08
5.982749662841350162e-08
5.619411632830722814e-08
5.272671028929661860e-08
4.944395044047134669e-08
4.629173750092727202e-08
4.329191640167566406e-08
4.039979767173551093e-08
3.762975472346275939e-08
3.498051442336191456e-08
3.246707636754540987e-08
3.009528057803157775e-08
2.787100789238310860e-08
2.576809092734193275e-08
2.379164284301918627e-08
2.190629992493029629e-08
2.012965080338289420e-08
1.846182302515623000e-08
1.689872485980713320e-08
1.543929048562890328e-08
1.408195873146207106e-08
1.280922824297323789e-08
1.160820649195618315e-08
1.046744809869281236e-08
9.406309569436099298e-09
8.431026844729278570e-09
7.536829757219482916e-09
6.718940020304789636e-09
5.975757466082013689e-09
5.291100197006432247e-09
4.641342985517391941e-09
4.027086752749977451e-09
3.456461049543250509e-09
2.930211444588882635e-09
2.446393758557372264e-09
2.011792689251246788e-09
1.640582871205625772e-09
1.312862060518156098e-09
1.006303054862520712e-09
7.177324313884835915e-10
4.528514695207281676e-10
2.093295196882361926e-10
-1.772781228393033991e-11
-2.244001553165872891e-10
-3.951865146466266254e-10
-5.468980093353666540e-10
-6.810609179620056283e-10
-7.957598988203356215e-10
-8.863669435617474119e-10
-9.637321129752167008e-10
-1.042439261187108592e-09
-1.122333150557667345e-09
-1.195332684211997261e-09
-1.267094384770789500e-09
-1.313137198626704628e-09
-1.333712364070826186e-09
-1.337290929649649148e-09
-1.338174603034156969e-09
-1.353403432566483647e-09
-1.374547821604157134e-09
-1.388088802674966589e-09
-1.401194363311867785e-09
-1.400305314917917226e-09
-1.387101468007813074e-09
-1.364619535274462131e-09
-1.344440295059665502e-09
-1.336720486387050057e-09
-1.325312888643871401e-09
-1.306287155215263712e-09
-1.284877218014772564e-09
-1.264744230569369656e-09
-1.244474743136968908e-09
-1.223729527493162614e-09
-1.201299520187239890e-09
-1.179370610868488213e-09
-1.153791427619634515e-09
-1.128273963933402356e-09
-1.098913799594937362e-09
-1.069050541783920737e-09
-1.049981201756879609e-09
-1.034251246363849691e-09
-1.010170859419673597e-09
-9.843407649095148476e-10
-9.616925550476928796e-10
-9.412860894304349849e-10
-9.130169349380572124e-10
-8.823771803246585239e-10
-8.617691432596632033e-10
-8.431944360753711594e-10
-8.204947957387955215e-10
-8.015832460777115109e-10
-7.883221891201390029e-10
-7.705331206046263944e-10
-7.472988004919410858e-10
-7.200820945475785115e-10
-6.931985772919394325e-10
-6.724909503754999976e-10
-6.546428198228801323e-10
-6.434275478484031015e-10
-6.371047160884054038e-10
-6.202323443391546972e-10
-6.013563578007744891e-10
-5.745769487867876938e-10
-5.449224886665208947e-10
-5.251770450492295601e-10
-5.116905063824242481e-10
-5.058110310797652494e-10
-4.995078580579557441e-10
-4.854337317970085401e-10
-4.649858787341951463e-10
-4.384709747600891231e-10
-4.111616351965876398e-10
-3.931687429064018795e-10
-3.817708837784950780e-10
-3.774873689721537724e-10
-3.693131417009284616e-10
-3.552595333689726799e-10
-3.323565200628456003e-10
-3.085397266566776067e-10
-2.856887717694004110e-10
-2.688155464459752638e-10
-2.579188427838107220e-10
-2.529010322368238272e-10
-2.447813919351841782e-10
-2.287017127460239343e-10
-2.059753490930676863e-10
-1.856078887123117873e-10
-1.674282975015422782e-10
-1.520176009195943094e-10
-1.418422455941023594e-10
-1.371374406520600401e-10
-1.290354365427512533e-10
-1.134576505075203117e-10
-9.464391427835604058e-11
-7.947878671723985979e-11
-6.652881129194925534e-11
-5.432376229363456414e-11
-4.755530187659263106e-11
-4.577999801435382088e-11
-3.868090552893417526e-11
-2.793813563486763608e-11
-1.647792410605586810e-11
-7.999453475675772830e-12
-2.033188703581244737e-12
4.134591509478209985e-12
4.937243271159386225e-12
2.178199574898820529e-12
5.107138650087291803e-12
8.900836847165101454e-12
1.200271283080141534e-11
1.292520211926962019e-11
1.225381455183243414e-11
1.250248620910483133e-11
7.392680759070689314e-12
2.106031250149308502e-12
6.969195705262204960e-13
2.215345395904831762e-13
-1.622007436066359085e-12
-4.145302474230277675e-12
-6.388669410947673345e-12
-7.341917163889552216e-12
-1.245480651854744953e-11
-1.532828798100981445e-11
-1.561963962542817064e-11
-1.429120928720057884e-11
-1.389178084884974608e-11
-1.363762077194084522e-11
-1.198406420881325615e-11
-9.777269108622735365e-12
-1.048522845684473303e-11
-8.573360819191962441e-12
-6.053132610415852582e-12
-2.805603493903059390e-12
-6.571411032683774972e-13
5.217761602597003900e-13
2.559122027321593928e-12
3.361213418226875842e-12
1.880537136787719082e-12
2.194231989776253995e-12
1.657025315321597664e-12
1.173274849923405499e-12
3.437082637783657963e-13
-1.384025236715365862e-12
-1.818005178908590444e-12
-2.981000865949509977e-12
-4.450062917239352512e-12
-4.113323809735578413e-12
-3.650773024445336961e-12
-2.791381206245577993e-12
-1.648113773789487706e-12
-9.594053201017189137e-13
5.787162344153212472e-13
7.592116128825958478e-13
8.983285181753613274e-13
9.513080457971054028e-13
8.152657758800318226e-13
9.792319150439421763e-14
-5.424023597761680972e-13
-1.308109474422775018e-12
-1.287962497276346604e-12
-1.724707774169866454e-12
-1.381963343895165565e-12
-7.927992409856376006e-13
4.961204449284139398e-14
4.794422163311797919e-13
6.576803865289014741e-13
4.968659516618968959e-13
2.635227600602839980e-13
-5.256152559054276003e-13
-8.256528856055246328e-13
-9.263903174711921379e-13
-5.839232842914561491e-13
-1.841782895526897106e-13
1.789695019894138603e-13
4.244080754485695403e-13
3.592904865700002471e-13
-1.427549252237686006e-13
-3.914857590202448904e-13
-5.475902155971747584e-13
-3.561384313275299447e-13
-1.528119625856015350e-14
1.913905092620611158e-13
2.606477633270783519e-13
3.002222260335905028e-14
-3.136878952930199531e-13
-3.322015153872572702e-13
-1.596762629543489650e-13
1.044870660744225668e-13
2.014988315597380242e-13
3.146833185826137360e-16
-1.700830924431828815e-13
-2.356482794883891115e-13
-4.994039192130676248e-14
1.332365562613778249e-13
9.540462361188567564e-14
-1.166790021274681124e-13
-1.741762822467693695e-13
-3.947838745313426212e-14
1.322456611338585979e-13
1.995578856786391323e-14
-1.271754252401972190e-13
-9.470494344421491177e-14
7.489696865834021273e-14
5.467665351287706888e-14
-8.757635167309685309e-14
-8.356216442346545746e-14
7.098429234386132696e-14
2.403074977675195070e-14
-8.434597955068810883e-14
-2.614763729487855754e-14
6.956453960120083465e-14
-3.740936619185783428e-14
-5.854217662373871954e-14
4.842210414176001822e-14
1.476062130668664515e-15
-6.730558525382397213e-14
4.701046999899981633e-14
-6.865997227492488515e-15
-4.651898552738524620e-14
4.234712024900750892e-14
-2.217483997829895520e-14
-2.322850103813430066e-14
4.144487467468000177e-14
-5.256440136187897370e-14
3.499201457259244894e-14
-2.098202303836264775e-14
-2.624393278879324707e-15
1.225091508608548679e-14
-2.407125483644154936e-14
2.347734727452172948e-14
-2.604671794286637434e-14
2.091643913145425531e-14
-2.025675727199965701e-14
1.502498428933992760e-14
-1.408780203433284169e-14
1.016327258349683768e-14
-9.607210568693801022e-15
6.980745910654911171e-15
-6.694118555668578809e-15
5.041664692551529487e-15
-4.822667656698991384e-15
3.864003174909737642e-15
-3.581304023838945153e-15
3.127965068633934622e-15
-2.718224323260163557e-15
2.648710440240297604e-15
-2.089470715485565068e-15
2.322954730109368017e-15
-1.612730795912430772e-15
2.092386730010326449e-15
-1.239467022817907540e-15
1.923107227587331547e-15
-9.397957669683726135e-16
1.794696003839995504e-15
-6.944583937789145538e-16
1.694408719271470476e-15
-4.904951662864008677e-16
1.614028301568465937e-15
-3.188410305913929299e-16
1.548101469102245113e-15
-1.729386403130752316e-16
1.492916430003213288e-15
-4.790670911885587116e-17
1.445890032407869237e-15
5.997762792349209928e-17
1.405188809842154533e-15
1.536124438212535646e-16
1.369488042477222480e-15
2.352930409695340322e-16
1.337814750955783747e-15
3.068640532500366531e-16
1.309443150684454434e-15
3.698264121018478410e-16
1.283823710985407914e-15
4.254143611510946884e-16
1.260534215688867485e-15
4.746520866279511983e-16
1.239245510452736731e-15
5.183961499970236333e-16
1.219697222177877708e-15
5.573678211663383631e-16
1.201680352876790901e-15
5.921780869054442523e-16
1.185024675853292719e-15
6.233472533064994048e-16
1.169589526314527467e-15
6.513204935745238188e-16
1.155257016591416541e-15
6.764803102476047451e-16
1.141926998885552679e-15
6.991566181696318989e-16
1.129513298245924276e-15
7.196349706098417548e-16
1.117940875486358207e-15
7.381633203929570003e-16
1.107143675316094207e-15
7.549576140174470991e-16
1.097062982466968203e-15
7.702064476476756438e-16
1.087646156543010289e-15
7.840749629450026809e-16
1.078845650477470648e-15
7.967081226667553599e-16
1.070618242553355743e-15
8.082334765660068179e-16
1.062924429957936866e-15
8.187635062619316947e-16
1.055727944915172085e-15
8.283976202347751083e-16
1.048995364708054345e-15
8.372238567499030492e-16
1.042695793398795901e-15
8.453203419641198208e-16
1.036800599127605130e-15
8.527565417931177249e-16
1.031283194467381512e-15
8.595943396127506849e-16
1.026118850410471355e-15
8.658889662885656777e-16
1.021284536917932742e-15
8.716898045718862773e-16
1.016758784491573625e-15
8.770410863719275743e-16
1.012521562708944846e-15
8.819824984809962913e-16
1.008554172432383801e-15
8.865497096930895551e-16
1.004839149334014761e-15
8.907748305156984847e-16
1.001360176715703378e-15
8.946868147465211737e-16
9.981020062566406520e-16
8.983118109306212477e-16
9.950503854813889538e-16
9.016734704893445035e-16
9.921919910429205538e-16
9.047932182812054720e-16
9.895143670877529094e-16
9.076904906149134017e-16
9.870058681378833737e-16
9.103829449558905233e-16
9.846556060047907841e-16
9.128866449496530648e-16
9.824534003704206809e-16
9.152162240020724157e-16
9.803897326502202090e-16
9.173850300577897913e-16
9.784557029551880388e-16
9.194052539570110559e-16
9.766429897965270201e-16
9.212880434375532826e-16
9.749438124712516660e-16
9.230436044829165155e-16
9.733508957955778253e-16
9.246812916056563948e-16
9.718574371398148345e-16
9.262096883666735275e-16
9.704570755475252112e-16
9.276366793095187553e-16
9.691438628395297775e-16
9.289695142847402855e-16
9.679122365512645752e-16
9.302148661061984413e-16
9.667569946189972456e-16
9.313788822344129803e-16
9.656732716633335062e-16
9.324672312468700460e-16
9.646565168219989171e-16
9.334851446010667246e-16
9.637024729851512407e-16
9.344374542829044526e-16
9.628071573793296029e-16
9.353286267485634506e-16
9.619668434064969346e-16
9.361627935744353578e-16
9.611780436487571263e-16
9.369437791854907670e-16
9.604374939728821377e-16
9.376751259452584704e-16
9.597421386726272414e-16
9.383601168933808592e-16
9.590891165532540394e-16
9.390017963952254919e-16
9.584757479369704899e-16
9.396029888777254333e-16
9.578995224949044834e-16
9.401663158753270849e-16
9.573580878608133318e-16
9.406942115395700701e-16
9.568492389851910857e-16
9.411889367741805291e-16
9.563709081643538369e-16
9.416525921033687772e-16
9.559211557072768606e-16
9.420871294377358543e-16
9.554981611993580696e-16
9.424943627892767342e-16
9.551002153038666960e-16
9.428759780766663778e-16
9.547257120970194959e-16
9.432335420788527006e-16
9.543731418612760796e-16
9.435685106234475600e-16
9.540410843395932793e-16
9.438822360771557022e-16
9.537282023886226482e-16
9.441759741968118285e-16
9.534332360326116307e-16
9.444508904036199238e-16
9.531549968670195916e-16
9.447080655277864765e-16
9.528923628029288562e-16
9.449485010658745155e-16
9.526442731261727938e-16
9.451731240086810621e-16
