# bin_3_3
7.919194585653212997e-05
7.897129332128104172e-05
7.918438665475727666e-05
7.897681424364020198e-05
7.917714286080763367e-05
7.898184397041500631e-05
7.917018113161245136e-05
7.898639962234882211e-05
7.916346913627149786e-05
7.899049596875667924e-05
7.915697542039235133e-05
7.899414552584491079e-05
7.915066928172820944e-05
7.899735865072115789e-05
7.914452065820521602e-05
7.900014363266357929e-05
7.913850002999397331e-05
7.900250678444253622e-05
7.913257833681444718e-05
7.900445253706698742e-05
7.912672691243215813e-05
7.900598354064297896e-05
7.912091743924406942e-05
7.900710077481386566e-05
7.911512192482259129e-05
7.900780367280461349e-05
7.910931270386141218e-05
7.900809026272707491e-05
7.910346246883418831e-05
7.900795733005235998e-05
7.909754433226207689e-05
7.900740060564660772e-05
7.909153192446066066e-05
7.900641498276009180e-05
7.908539952904379284e-05
7.900499476636001510e-05
7.907912225912088367e-05
7.900313395728344632e-05
7.907267627501816780e-05
7.900082657161267843e-05
7.906603904273618499e-05
7.899806699437779661e-05
7.905918963024613348e-05
7.899485036268220288e-05
7.905210903461650136e-05
7.899117296993445341e-05
7.904478052858757457e-05
7.898703267733251396e-05
7.903719000943351647e-05
7.898242931197618397e-05
7.902932632537742390e-05
7.897736502355455447e-05
7.902118154666556006e-05
7.897184456214472034e-05
7.901275113923709472e-05
7.896587543038535576e-05
7.900403398879645529e-05
7.895946785373825477e-05
7.899503221475516739e-05
7.895263450487057292e-05
7.898575070703446263e-05
7.894538991351363728e-05
7.897619631714054692e-05
7.893774949582712966e-05
7.896637664150963634e-05
7.892972814865114564e-05
7.895629835363364944e-05
7.892133838056114591e-05
7.894596507633070976e-05
7.891258799605964456e-05
7.893537484095141201e-05
7.890347741637971767e-05
7.892451725942365337e-05
7.889399681162677651e-05
7.891337063801226025e-05
7.888412333200007490e-05
7.890189938241081325e-05
7.887381885122532617e-05
7.889005216910007954e-05
7.886302875366799211e-05
7.887776146063916864e-05
7.885168237404867211e-05
7.886494498357277940e-05
7.883969568927740750e-05
7.885150971206620935e-05
7.882697670511353612e-05
7.883735864784272463e-05
7.881343361756969939e-05
7.882240020294361833e-05
7.879898521953749028e-05
7.880655926011902711e-05
7.878357218202536013e-05
7.878978806276570001e-05
7.876716687965959994e-05
7.877207415391771763e-05
7.874977860938974536e-05
7.875344197899472685e-05
7.873145078516183206e-05
7.873394497486400413e-05
7.871224750922305201e-05
7.871364651745978364e-05
7.869222929150200237e-05
7.869259132394760983e-05
7.867142170936135292e-05
7.867077355129330988e-05
7.864978575827634173e-05
7.864811263211315951e-05
7.862720265157869582e-05
7.862445033831214438e-05
7.860348587630875674e-05
7.859957938960698137e-05
7.857842625876067526e-05
7.857330267846130952e-05
7.855186059341399637e-05
7.854550401427146805e-05
7.852373513123158441e-05
7.851619375287786906e-05
7.849412300511349801e-05
7.848548977824610891e-05
7.846316482797305867e-05
7.845352006186415410e-05
7.843094330350616815e-05
7.842028733798403841e-05
7.839736243751979031e-05
7.838559018274633152e-05
7.836213520268527609e-05
7.834909255315328377e-05
7.832493419282782210e-05
7.831053416154610484e-05
7.828561949595776029e-05
7.826991868708506979e-05
7.824432780439450079e-05
7.822745979744136766e-05
7.820126557294528665e-05
7.818325908473902110e-05
7.815635732381563899e-05
7.813704072547313843e-05
7.810917750553253729e-05
7.808834062289130408e-05
7.805936693776895335e-05
7.803701767971734835e-05
7.800703507708889827e-05
7.798334795900380243e-05
7.795245078427592996e-05
7.792739773620891873e-05
7.789536764260028101e-05
7.786865451171386349e-05
7.783521452100834097e-05
7.780675150003486980e-05
7.777199244445960537e-05
7.774199117460986279e-05
7.770602283065704708e-05
7.767438338254928777e-05
7.763687408592484247e-05
7.760325620397763862e-05
7.756405211105568264e-05
7.752859417279254464e-05
7.748791772696870400e-05
7.745066566727310583e-05
7.740822596273310471e-05
7.736877446958210212e-05
7.732437302235238021e-05
7.728288612168084332e-05
7.723674510013464438e-05
7.719313806712844040e-05
7.714482700458355372e-05
7.709877799889478564e-05
7.704838266772806956e-05
7.700014170952497526e-05
7.694753657684374169e-05
7.689664544013298465e-05
7.684159570972859410e-05
7.678826929718784522e-05
7.673085870853353901e-05
7.667470531395921963e-05
7.661458279104428701e-05
7.655575463770291397e-05
7.649300551854064931e-05
7.643109939265826176e-05
7.636544319639441102e-05
7.630064109976794314e-05
7.623197429253992499e-05
7.616384438391995797e-05
7.609214574566221852e-05
7.602075338363951137e-05
7.594563471524892512e-05
7.587083503628610657e-05
7.579235433104972598e-05
7.571381503793433098e-05
7.563181192573226229e-05
7.554952995760123152e-05
7.546367905675694331e-05
7.537755790635528984e-05
7.528773398345754871e-05
7.519750541208920628e-05
7.510362713723564543e-05
7.500906432156608514e-05
7.491095749727256267e-05
7.481190245888659073e-05
7.470934501445612448e-05
7.460564273733010963e-05
7.449841676806622914e-05
7.438988781210543035e-05
7.427778610016104693e-05
7.416423179921277588e-05
7.404704854399708715e-05
7.392825970555869509e-05
7.380578415570189477e-05
7.368154502128046847e-05
7.355355946344886730e-05
7.342364861638750624e-05
7.328992827793723373e-05
7.315411860763086258e-05
7.301443202649468675e-05
7.287249061742764151e-05
7.272660003621884007e-05
7.257828818511969759e-05
7.242594991249226457e-05
7.227102328002676403e-05
7.211198805011209266e-05
7.195019692465461634e-05
7.178421028870887982e-05
7.161529994801385285e-05
7.144210272289900547e-05
7.126581388959591257e-05
7.108514268069257948e-05
7.090121207410257328e-05
7.071279988665259717e-05
7.052096087725472551e-05
7.032453782860676383e-05
7.012452120381004554e-05
6.991981534865962045e-05
6.971135020008671363e-05
6.949808848094554301e-05
6.928090322458675839e-05
6.905881256012835604e-05
6.883263610164968714e-05
6.860144462609467971e-05
6.836600768436657319e-05
6.812544615158730237e-05
6.788048275414162807e-05
6.763028612063863056e-05
6.737553528526176512e-05
6.711544448650663935e-05
6.685065210349557668e-05
6.658041603831443844e-05
6.630533696802116364e-05
6.602471470562155215e-05
6.573911510570654376e-05
6.544787832956596482e-05
6.515153822581961241e-05
6.484947392785108062e-05
6.454219004140178406e-05
6.422910347849741569e-05
6.391069232061063327e-05
6.358641024369460334e-05
6.325671148701952006e-05
6.292108564998031574e-05
6.257996578188589987e-05
6.223287673402565299e-05
6.188023299337124330e-05
6.152159415410415411e-05
6.115735874722292502e-05
6.078712075545371774e-05
6.041126534002985672e-05
6.002942066269076777e-05
5.964196107933400286e-05
5.924854885367346699e-05
5.884955007402570889e-05
5.844466114612225646e-05
5.803424239298280850e-05
5.761802450029146738e-05
5.719636447918462576e-05
5.676902750739160590e-05
5.633636966992306756e-05
5.589819089369019070e-05
5.545484863066532080e-05
5.500617782373996037e-05
5.455253946013690285e-05
5.409380373262157981e-05
5.363033716702005890e-05
5.316204535631191737e-05
5.268930215435176735e-05
5.221204856157159424e-05
5.173066727677930372e-05
5.124513450290361477e-05
5.075584295947764947e-05
5.026280355579006447e-05
4.976641978785748108e-05
4.926673639523621761e-05
4.876416789753370835e-05
4.825879151074157674e-05
4.775103241932007411e-05
4.724099837903932079e-05
4.672912417119024961e-05
4.621554546242509606e-05
4.570070474762177106e-05
4.518476217403626571e-05
4.466816514882366641e-05
4.415109396597194391e-05
4.363399713365717880e-05
4.311706976902349246e-05
4.260075658974203433e-05
4.208526116492092154e-05
4.157101841487575652e-05
4.105823292751683906e-05
4.054732272090955580e-05
4.003848495459427564e-05
3.953211263146624702e-05
3.902838615369509960e-05
3.852766457405985140e-05
3.803010156719362726e-05
3.753601278564749438e-05
3.704551493927588681e-05
3.655887076716412816e-05
3.607615004036721367e-05
3.559755362553797617e-05
3.512309534688682136e-05
3.465290658746933433e-05
3.418693806127347593e-05
3.372524636819668349e-05
3.326771483038832797e-05
3.281432337896942339e-05
3.236488769122523819e-05
3.191931373027255905e-05
3.147735446961024347e-05
3.103885031768668148e-05
3.060350271944713721e-05
3.017110156070571016e-05
2.974131487740461221e-05
2.931390413462015411e-05
2.888852913973211724e-05
2.846495181637388364e-05
2.804285520042378981e-05
2.762203597831125310e-05
2.720223615059781663e-05
2.678332419204975594e-05
2.636513762414556886e-05
2.594765222281345771e-05
2.553083340688095307e-05
2.511479254479237786e-05
2.469964483697570173e-05
2.428565157061981437e-05
2.387308218392020519e-05
2.346234143619205009e-05
2.305383374784094358e-05
2.264807484775545595e-05
2.224555742764190860e-05
2.184684801282863611e-05
2.145245451659780428e-05
2.106291084381478303e-05
2.067864897063839187e-05
2.030007589786887704e-05
1.992745503050268857e-05
1.956098200003290419e-05
1.920068165627654883e-05
1.884649009485047419e-05
1.849817349638489323e-05
1.815542236396013617e-05
1.781779573071798692e-05
1.748482928893275545e-05
1.715600264275979342e-05
1.683085574804442017e-05
1.650896871296689980e-05
1.619007249365607304e-05
1.587402301422132444e-05
1.556088619819762599e-05
1.525088559603235223e-05
1.494444378323906882e-05
1.464209031982634003e-05
1.434445535650512375e-05
1.405214452434205715e-05
1.376570487170595851e-05
1.348549944562265677e-05
1.321168969228858195e-05
1.294415944252435715e-05
1.268256244072378419e-05
1.242633300601123887e-05
1.217481530188076202e-05
1.192734720631577606e-05
1.168342398147785224e-05
1.144277542465566338e-05
1.120546264161991294e-05
1.097184427714507824e-05
1.074252561459628580e-05
1.051818292705541030e-05
1.029940527009680133e-05
1.008649399693792778e-05
9.879375380072538912e-06
9.677573172488283134e-06
9.480350464502412287e-06
9.286910004671445820e-06
9.096672146323288809e-06
8.909460197292224171e-06
8.725580755934518438e-06
8.545682358527221191e-06
8.370486156180970196e-06
8.200430379204455604e-06
8.035439735571682870e-06
7.874897461756914341e-06
7.717912286067556948e-06
7.563733020201277081e-06
7.412141458663865440e-06
7.263551440907729883e-06
7.118748093889049163e-06
6.978351539719927646e-06
6.842354924475952349e-06
6.710043096789402279e-06
6.580427357184082022e-06
6.452915531357508245e-06
6.327736768285355200e-06
6.205722639064650851e-06
6.087562782914590440e-06
5.973124075639948445e-06
5.861481982063248570e-06
5.751707342854041382e-06
5.643700029212398446e-06
5.538199988012690390e-06
5.435895071276000953e-06
5.336577873972145179e-06
5.239357851228337073e-06
5.143731649692994410e-06
5.050139610741754002e-06
4.959200696638699133e-06
4.870632084750050562e-06
4.783512833827354139e-06
4.697628809075047469e-06
4.613819193882151186e-06
4.532581107544415807e-06
4.453167064503940501e-06
4.374783856179363370e-06
4.297827695689671955e-06
4.222817360362011627e-06
4.149164381374430367e-06
4.076383184054366426e-06
4.005230463084230085e-06
3.936067132116052923e-06
3.867996572595666516e-06
3.800795583303581120e-06
3.735079843179620402e-06
3.670380711426356634e-06
3.606252753630525102e-06
3.543480754174287933e-06
3.482068884386733512e-06
3.421498908440761682e-06
3.362165566984974379e-06
3.303724596234620174e-06
3.245822746697961546e-06
3.188869998580589296e-06
3.132477992196733855e-06
3.076932693024890102e-06
3.022610689547965727e-06
2.969055396910615965e-06
2.916419893954692735e-06
2.864302524421295649e-06
2.812782132012564857e-06
2.761772931638388964e-06
2.711219223647918306e-06
2.661542734098560396e-06
2.612719795438846827e-06
2.564787299970488610e-06
2.517401491423209674e-06
2.470525834641180869e-06
2.424048678595936568e-06
2.377937704048513077e-06
2.332242781052754437e-06
2.287361938112996423e-06
2.243288018734414546e-06
2.199953660626918457e-06
2.157123929715140541e-06
2.114662127231869126e-06
2.072546482341454132e-06
2.030700917659255626e-06
1.989295289607329310e-06
1.948698058325233145e-06
1.908867873873048168e-06
1.869674999822158251e-06
1.830922122028345648e-06
1.792489481168895672e-06
1.754370771965677749e-06
1.716480380772166647e-06
1.679104086351060156e-06
1.642518510816156864e-06
1.606665696377418695e-06
1.571340979392774675e-06
1.536419460456180489e-06
1.501834871063321784e-06
1.467545333440151930e-06
1.433464923288554311e-06
1.399953647561900515e-06
1.367231522593046105e-06
1.335214232455997754e-06
1.303646985546208533e-06
1.272440136708299745e-06
1.241600965701704865e-06
1.211038836478536117e-06
1.180699672752632243e-06
1.150983054993420584e-06
1.122013876424491360e-06
1.093692494371923157e-06
1.065777836755723739e-06
1.038213702940649159e-06
1.011053925819512835e-06
9.841387421321707690e-07
9.574981438479308862e-07
9.315384593381566860e-07
9.062286533438983080e-07
8.814906899396670630e-07
8.571638593605361890e-07
8.331700667542105935e-07
8.096066251053995333e-07
7.862865247788073275e-07
7.632966560498597526e-07
7.409888363337841650e-07
7.192457147912037901e-07
6.979878907194194276e-07
6.771264421188002220e-07
6.566245304403883451e-07
6.365765650847895665e-07
6.167647333083069053e-07
5.973833094165653034e-07
5.786168461360402374e-07
5.603807178837185790e-07
5.425502216107203423e-07
5.251388351176593468e-07
5.081576108675708803e-07
4.916434054212828384e-07
4.753791573714850645e-07
4.595922481694536560e-07
4.443440748329758288e-07
4.295673323530892949e-07
4.151209490978018409e-07
4.010374533405366480e-07
3.873647483096285136e-07
3.740539718258822132e-07
3.609169344539291128e-07
3.481569691243575446e-07
3.357258015613946083e-07
3.235869536972477297e-07
3.116410261274227325e-07
2.999277086963098502e-07
2.885308791540010346e-07
2.773524982892612097e-07
2.662992462024607401e-07
2.555496142582870914e-07
2.449873338485974557e-07
2.346382177376307072e-07
2.244842456296106828e-07
2.145380005604015624e-07
2.049125979580287771e-07
1.955070020086584624e-07
1.862933098745258849e-07
1.773886764589777367e-07
1.686890783954236475e-07
1.602393294226184189e-07
1.520577493070774883e-07
1.441425779063258325e-07
1.365787004515856552e-07
1.292451450023635265e-07
1.221580992226142242e-07
1.153106879996677373e-07
1.086674388123847769e-07
1.022386925132849204e-07
9.606859034765680490e-08
9.015624698338089537e-08
8.456433558328748061e-08
7.921158311418277191e-08
7.412574736618312316e-08
6.925368371973408033e-08
6.459642381775894997e-08
6.014718301377123830e-08
5.592379932807750992e-08
5.191362563631243210e-08
4.814286218419514816e-08
4.456627058811760384e-08
4.119013181575076880e-08
3.796475092792026842e-08
3.491980437014115707e-08
3.207029838829500172e-08
2.942095277742945787e-08
2.695162664205165095e-08
2.465970334201016091e-08
2.251042882990865605e-08
2.048051110065172689e-08
1.854289529259541074e-08
1.672294068450590083e-08
1.503176099356785525e-08
1.346798069433601876e-08
1.202823363570962553e-08
1.073054537185791691e-08
9.556154333664650394e-09
8.457112220988641235e-09
7.417474083678166547e-09
6.439114335201654313e-09
5.526120271299622445e-09
4.682027568004098736e-09
3.908960208074254896e-09
3.237453783585655600e-09
2.651773557505880439e-09
2.105224820176936684e-09
1.593912044454044087e-09
1.127705851388241244e-09
7.112101474934686369e-10
3.358144272352655252e-10
-1.456906395625983669e-11
-3.267592820538058793e-10
-6.171451726119147819e-10
-8.715348263774222684e-10
-1.072731946495406844e-09
-1.226909066346668367e-09
-1.361495353665805019e-09
-1.496184786920347988e-09
-1.636938484104080170e-09
-1.758893706440122455e-09
-1.873366858226753261e-09
-1.960291603642075155e-09
-2.010668911073666735e-09
-2.026758169604345094e-09
-2.032935104192950299e-09
-2.059701105729745035e-09
-2.100295007323594445e-09
-2.118797968165347748e-09
-2.126841794050264620e-09
-2.128655941734272329e-09
-2.119793623027259537e-09
-2.088738935987137778e-09
-2.058790074456018013e-09
-2.042466622582624257e-09
-2.020124776175762506e-09
-1.989395965319367292e-09
-1.958505879438332310e-09
-1.918618603323737543e-09
-1.883207329671159363e-09
-1.854856121676535691e-09
-1.817590289006436946e-09
-1.779499725713620731e-09
-1.740544667120834705e-09
-1.696654339550161840e-09
-1.655948601563755814e-09
-1.601456129516094271e-09
-1.563612326063095478e-09
-1.535569447688910239e-09
-1.495755216940004162e-09
-1.457024746406443969e-09
-1.421459062745084808e-09
-1.389800193425684876e-09
-1.346141351405351822e-09
-1.298908471065119760e-09
-1.257381660279185664e-09
-1.224754076079678312e-09
-1.189464794924972551e-09
-1.161457231406015864e-09
-1.141274893932352522e-09
-1.118362096066540604e-09
-1.082720170368161436e-09
-1.041559004365595155e-09
-9.957912707232478531e-10
-9.604884842623712345e-10
-9.331404504706023696e-10
-9.186111781746988809e-10
-9.115898550367133029e-10
-8.931847104804109933e-10
-8.657222295187697828e-10
-8.269559480179794623e-10
-7.815092676700413649e-10
-7.491721554677083842e-10
-7.298879729200013327e-10
-7.246935240988473068e-10
-7.221371849415072903e-10
-7.081139614638701213e-10
-6.817307711860835265e-10
-6.449104839109570515e-10
-6.055740252364636913e-10
-5.786309297434920192e-10
-5.642506835015522305e-10
-5.631890435803171335e-10
-5.600337077684900072e-10
-5.468053685319399590e-10
-5.178562983599446235e-10
-4.849979370707344602e-10
-4.538255196749249181e-10
-4.310978821119112247e-10
-4.183210460785879540e-10
-4.168710603360179759e-10
-4.123283969813079781e-10
-3.952941326285818563e-10
-3.659160819823814293e-10
-3.386855625106093439e-10
-3.149189473243648954e-10
-2.942267934345861971e-10
-2.809563415596654969e-10
-2.786029203911875977e-10
-2.725399079357518431e-10
-2.528359867564558162e-10
-2.254260428688259447e-10
-2.031296309903124493e-10
-1.849552707120963150e-10
-1.662947316125221504e-10
-1.540054099274368149e-10
-1.520205665952803332e-10
-1.433295032102264163e-10
-1.253761949842826039e-10
-1.037018399985831078e-10
-8.716500601606478504e-11
-7.451230281857467132e-11
-5.950398314305585275e-11
-5.177453362608451294e-11
-5.222079112409467538e-11
-4.322859133720549830e-11
-3.152409620976567247e-11
-1.879897636087833084e-11
-9.173893384144229771e-12
-3.895222555443791019e-12
4.227310666632540286e-12
4.848297097420974233e-12
8.590170849601971054e-13
4.871174965616686665e-12
9.037624975395140362e-12
1.230529599439659553e-11
1.362325917812379001e-11
1.213954340033536614e-11
1.354660708410937466e-11
7.320588032725792283e-12
1.718976129457107833e-12
2.448429922623466738e-13
4.291836877996702749e-14
-2.246418934252706845e-12
-4.776146794135976658e-12
-7.553602601006266357e-12
-7.923964584189711961e-12
-1.395961924905269020e-11
-1.676244624292476292e-11
-1.719915944232714744e-11
-1.554716122660890109e-11
-1.529982021079820095e-11
-1.496643143084495685e-11
-1.327763935362168994e-11
-1.058688518462414947e-11
-1.160949841814508283e-11
-9.295596011369812601e-12
-6.690574631529833710e-12
-3.086423429459611035e-12
-8.484324122791040326e-13
4.237854539858787867e-13
2.620012935004596768e-12
3.600983622788070516e-12
1.899043618470878063e-12
2.381116421947981231e-12
1.712758153275442372e-12
1.211032971413494953e-12
2.844558066239308067e-13
-1.598560960237083004e-12
-2.056882055402192572e-12
-3.267320567124367530e-12
-4.868943442087540867e-12
-4.446230629610223376e-12
-3.988667053625529515e-12
-3.053085755155247505e-12
-1.829239778399422178e-12
-1.087517426819276445e-12
5.837285631310255708e-13
7.991203842837452284e-13
9.627299922273338395e-13
1.027686114640869253e-12
8.567837833978528894e-13
7.965107347759848903e-14
-6.217063325257170642e-13
-1.447167376072193773e-12
-1.428302215471101239e-12
-1.875408978093537348e-12
-1.494528780201249283e-12
-8.523296332311396263e-13
4.022913704994761185e-14
5.086087111975279452e-13
6.935444150950737035e-13
5.218808512121094738e-13
2.600903000057088558e-13
-5.713979948408967594e-13
-8.963564047729784171e-13
-1.000215083264600140e-12
-6.426035160715180099e-13
-2.031531411137662951e-13
1.857012137135056388e-13
4.524846135138977976e-13
3.750348605708025620e-13
-1.514061981030187703e-13
-4.285045630990252772e-13
-5.925458665367883765e-13
-3.930550167740655420e-13
-1.862448745290160899e-14
2.038916361155246390e-13
2.795906616273942288e-13
2.540905514075893354e-14
-3.357626786751990594e-13
-3.641002069935918018e-13
-1.733021925193766676e-13
1.084270509347509093e-13
2.182315212199843699e-13
-7.741167149459256008e-16
-1.858675062825141141e-13
-2.581451631377350477e-13
-5.186558145356070623e-14
1.416431817412302833e-13
1.027523269951287728e-13
-1.287764194086074592e-13
-1.872646460819741196e-13
-4.329477474386791713e-14
1.420921864132894800e-13
2.004177489753015043e-14
-1.363072737287400933e-13
-1.036971001883536117e-13
8.145746274655887989e-14
5.766135763919298177e-14
-9.358825742991965138e-14
-9.118342998052921866e-14
7.694450914083218257e-14
2.559613075483590068e-14
-9.057336227488161149e-14
-2.907461716253002643e-14
7.626570074220508771e-14
-4.140883563314729013e-14
-6.218393558649521059e-14
5.177162804531542076e-14
2.255692482842324340e-15
-7.294206948963259997e-14
5.152262734925475963e-14
-7.828503464268519527e-15
-4.923561944227291025e-14
4.523644605526992453e-14
-2.289320043850088862e-14
-2.549905913330601429e-14
4.576975213526949213e-14
-5.708436342637178249e-14
3.877349810269237575e-14
-2.291008314641433644e-14
-1.865667885673361993e-15
1.303897185918042658e-14
-2.504765637196058313e-14
2.522283141311103571e-14
-2.720614375461482375e-14
2.251410925141863091e-14
-2.097801356873929813e-14
1.620249438233248058e-14
-1.433807352051978839e-14
1.099662976776529887e-14
-9.519010291671829744e-15
7.598858434339909662e-15
-6.390931757941236702e-15
5.539654274529969867e-15
-4.386475178610552778e-15
4.299255939899984578e-15
-3.061515609245109121e-15
3.532868825284518433e-15
-2.144301683314389872e-15
3.041286515999161755e-15
-1.479464192825637264e-15
2.713278653946696382e-15
-9.781631506403565853e-16
2.486119836901144414e-15
-5.880114717568108821e-16
2.323405041282017425e-15
-2.767568392045109490e-16
2.203254683051880780e-15
-2.361686200917882452e-17
2.112055046677374618e-15
1.853898960240383223e-16
2.041062852230323913e-15
3.600389013758614062e-16
1.984504199794421108e-15
5.073968811521870565e-16
1.938473032873586349e-15
6.327197489067306878e-16
1.900271199489539343e-15
7.400116348892156975e-16
1.868000711057549545e-15
8.323853003570547760e-16
1.840304767752060658e-15
9.123020661416523965e-16
1.816199216915780610e-15
9.817362432379806981e-16
1.794960506175113030e-15
1.042290813787339620e-15
1.776049800318971148e-15
1.095280750921327201e-15
1.759060756878493266e-15
1.141794306848844602e-15
1.743683078004581668e-15
1.182738948803834193e-15
1.729676761816917775e-15
1.218876369278588142e-15
1.716853718480637333e-15
1.250849568578756521e-15
1.705064522223443427e-15
1.279204083753806859e-15
1.694188785983393064e-15
1.304404824474149239e-15
1.684128117369838501e-15
1.326849565262554933e-15
1.674800929499038959e-15
1.346879857343175964e-15
1.666138595720542147e-15
1.364789926937873348e-15
1.658082584171959177e-15
1.380833983765113657e-15
1.650582310716021502e-15
1.395232263470452722e-15
1.643593522024016621e-15
1.408176051535469886e-15
1.637077070919608392e-15
1.419831882532570583e-15
1.630997983373734692e-15
1.430345066043857394e-15
1.625324743507184161e-15
1.439842659767459244e-15
1.620028741428087369e-15
1.448435985767569409e-15
1.615083843501242678e-15
1.456222767565342058e-15
1.610466054888106033e-15
1.463288950672500126e-15
1.606153251721855655e-15
1.469710258091306593e-15
1.602124966032176159e-15
1.475553522567926290e-15
1.598362210933007486e-15
1.480877830809671166e-15
1.594847336325831974e-15
1.485735507959664299e-15
1.591563908377351631e-15
1.490172966934394395e-15
1.588496606982582677e-15
1.494231442057280573e-15
1.585631137512295466e-15
1.497947624535132599e-15
1.582954153709011238e-15
1.501354213347913515e-15
1.580453189306516216e-15
1.504480394037374802e-15
1.578116596890606050e-15
1.507352255240305883e-15
1.575933492509376710e-15
1.509993151772160575e-15
1.573893705008285747e-15
1.512424021547478557e-15
1.571987729613673067e-15
1.514663662635467312e-15
1.570206684817908356e-15
1.516728975778044915e-15
1.568542272357524649e-15
1.518635177033220394e-15
1.566986739915072658e-15
1.520395984435784935e-15
1.565532846190940055e-15
1.522023782073821780e-15
1.564173828177073433e-15
1.523529764545207657e-15
1.562903370437140959e-15
1.524924064267599048e-15
1.561715576286301279e-15
1.526215863843172690e-15
1.560604940681273742e-15
1.527413495381156158e-15
1.559566324752848191e-15
1.528524528328684585e-15
1.558594931858288721e-15
1.529555847375750569e-15
1.557686285116853328e-15
1.530513721461863994e-15
1.556836206252403229e-15
1.531403865178716724e-15
1.556040795777673075e-15
1.532231493286977084e-15
1.555296414366924041e-15
1.533001369304489948e-15
1.554599665374699384e-15
1.533717848824963080e-15
1.553947378466416156e-15
1.534384918148804370e-15
1.553336594244478462e-15
1.535006228838818399e-15
1.552764549848721900e-15
1.535585128608979931e-15
1.552228665478022714e-15
1.536124688987507229e-15
1.551726531746991941e-15
1.536627730134521194e-15
1.551255897851810897e-15
1.537096843087133440e-15
1.550814660497260640e-15
1.537534409759731263e-15
1.550400853501612701e-15
1.537942620913719266e-15
1.550012638108252024e-15
1.538323492331264309e-15
1.549648293854911359e-15
1.538678879366947202e-15
1.549306210057750946e-15
1.539010490075407259e-15
1.548984877827666479e-15
1.539319897015186157e-15
1.548682882558557960e-15
1.539608547928795255e-15
1.548398896909498048e-15
1.539877775343109029e-15
1.548131674202206495e-15
1.540128805246801110e-15
1.547880042205357308e-15
1.540362764911984957e-15
1.547642897318975266e-15
1.540580689946828954e-15
1.547419199072656095e-15
1.540783530654294959e-15
1.547207964950296953e-15
1.540972157765154962e-15
1.547008265517044270e-15
1.541147367592297403e-15
1.546819219806921659e-15
1.541309886674416647e-15
1.546639990972494929e-15
1.541460375953853862e-15
1.546469782172235099e-15
1.541599434526319542e-15
1.546307832673596604e-15
1.541727603015394725e-15
