# bin_4_3
1.171953272328871007e-04
1.171175915316437737e-04
1.171915878729359829e-04
1.171183964474892703e-04
1.171878640099236667e-04
1.171189026770290978e-04
1.171841323622862331e-04
1.171191088886326090e-04
1.171803694931425707e-04
1.171190118351190406e-04
1.171765517079533474e-04
1.171186063951803926e-04
1.171726549617334306e-04
1.171178856153256052e-04
1.171686547807289320e-04
1.171168407546749947e-04
1.171645261983148928e-04
1.171154613366896948e-04
1.171602437095208086e-04
1.171137352118578942e-04
1.171557812473996709e-04
1.171116486356448943e-04
1.171511121844854598e-04
1.171091863665609163e-04
1.171462093644743584e-04
1.171063317899310329e-04
1.171410451689291121e-04
1.171030670727628644e-04
1.171355916238969903e-04
1.170993733560007634e-04
1.171298205522115554e-04
1.170952309896094280e-04
1.171237037767273081e-04
1.170906198163982443e-04
1.171172133792005497e-04
1.170855195093337126e-04
1.171103220186816803e-04
1.170799099653755879e-04
1.171030033113170342e-04
1.170737717572578135e-04
1.170952322704882327e-04
1.170670866406329504e-04
1.170869858032163170e-04
1.170598381093419153e-04
1.170782432513107427e-04
1.170520119858396517e-04
1.170689869610187691e-04
1.170435970247202674e-04
1.170592028534055194e-04
1.170345854976598135e-04
1.170488809585276251e-04
1.170249737160386765e-04
1.170380158618370309e-04
1.170147624332429522e-04
1.170266069980262382e-04
1.170039570541746575e-04
1.170146587118550013e-04
1.169925675647232136e-04
1.170021799921518684e-04
1.169806080820955086e-04
1.169891837757005502e-04
1.169680959199915495e-04
1.169756857145225551e-04
1.169550500661148087e-04
1.169617023113750652e-04
1.169414889877353847e-04
1.169472483558956942e-04
1.169274277219127116e-04
1.169323336483066804e-04
1.169128742755320104e-04
1.169169590834448139e-04
1.168978254645491882e-04
1.169011122899712778e-04
1.168822624628939309e-04
1.168847631794210412e-04
1.168661465063862485e-04
1.168678599459903436e-04
1.168494153912790645e-04
1.168503262525873317e-04
1.168319815894722544e-04
1.168320604967673404e-04
1.168137329229980301e-04
1.168129381140797779e-04
1.167945367250065549e-04
1.167928177589431783e-04
1.167742481717643112e-04
1.167715518117518883e-04
1.167527229085541679e-04
1.167490009123472273e-04
1.167298331487123331e-04
1.167250510863009929e-04
1.167054851232631092e-04
1.166996306029888556e-04
1.166796342737430776e-04
1.166727222612535961e-04
1.166522933105121703e-04
1.166443658633098662e-04
1.166235278486760484e-04
1.166146459606777074e-04
1.165934356005525089e-04
1.165836623559199267e-04
1.165621087751082374e-04
1.165514858350750809e-04
1.165295855590623472e-04
1.165181087973907317e-04
1.164958042286458659e-04
1.164834078752330891e-04
1.164605796415584855e-04
1.164471394251410881e-04
1.164236219291468879e-04
1.164089838527497046e-04
1.163846062842748620e-04
1.163686373208005121e-04
1.163432792072805670e-04
1.163259212635533269e-04
1.162995567639621154e-04
1.162808529902709776e-04
1.162535515067460195e-04
1.162336161882287881e-04
1.162054804534119620e-04
1.161844100301216698e-04
1.161554709393094152e-04
1.161332396781973001e-04
1.161033736501249157e-04
1.160797941700228599e-04
1.160487436078782328e-04
1.160235541716508531e-04
1.159910734869704909e-04
1.159641177249423058e-04
1.159301464002784388e-04
1.159014915819522824e-04
1.158661737543287333e-04
1.158360075107821643e-04
1.157994748947214141e-04
1.157678236019035192e-04
1.157299326064118312e-04
1.156965135520542602e-04
1.156568877664295613e-04
1.156213596739548140e-04
1.155797842256446275e-04
1.155421445019051783e-04
1.154987915216792657e-04
1.154592963909217547e-04
1.154143258980513736e-04
1.153729187081139844e-04
1.153260057353985927e-04
1.152822187185076320e-04
1.152329468494235436e-04
1.151866294964767190e-04
1.151351511192631006e-04
1.150866203396994921e-04
1.150331163951207091e-04
1.149822072836040906e-04
1.149261745776067149e-04
1.148723508590036689e-04
1.148135610452071458e-04
1.147570281931363826e-04
1.146958349312715802e-04
1.146366557500014775e-04
1.145726172756196298e-04
1.145101564861767047e-04
1.144429737714709690e-04
1.143774782090470609e-04
1.143075030247616710e-04
1.142388347478679822e-04
1.141654079086989267e-04
1.140930624028724678e-04
1.140163237461283899e-04
1.139406823485927594e-04
1.138604440595549530e-04
1.137807918907017465e-04
1.136966967375100838e-04
1.136133616256452118e-04
1.135255451980537848e-04
1.134379160313689816e-04
1.133458404356908826e-04
1.132541487472194810e-04
1.131579515067594928e-04
1.130615690946480548e-04
1.129608211186366833e-04
1.128600263006739464e-04
1.127545722037621539e-04
1.126486931404923865e-04
1.125385048485110309e-04
1.124276398633534637e-04
1.123121208601265042e-04
1.121960431082066960e-04
1.120752876102093439e-04
1.119534802930775705e-04
1.118272442851705003e-04
1.116997006896694016e-04
1.115674845187151722e-04
1.114340535372055838e-04
1.112956673614596978e-04
1.111559322515710672e-04
1.110112541396067096e-04
1.108648625607281665e-04
1.107136267272039833e-04
1.105603332173370901e-04
1.104021997094741415e-04
1.102417636725555621e-04
1.100763989693696074e-04
1.099085422701416239e-04
1.097356294008216144e-04
1.095600444162614959e-04
1.093792686281506998e-04
1.091956317230980409e-04
1.090066706428871910e-04
1.088146483089551773e-04
1.086171688508797372e-04
1.084164191204969754e-04
1.082100773589144901e-04
1.080002497600895185e-04
1.077846915266117271e-04
1.075654269232302114e-04
1.073402884425792958e-04
1.071112190751501359e-04
1.068761275517012953e-04
1.066368772886083088e-04
1.063914514915077867e-04
1.061416362561368735e-04
1.058854871560371423e-04
1.056247155079610028e-04
1.053574470036836892e-04
1.050853208677611272e-04
1.048065306303486063e-04
1.045226461777654429e-04
1.042319266337946509e-04
1.039358753250363307e-04
1.036328147987360636e-04
1.033241846020813040e-04
1.030083686351955979e-04
1.026867454367368050e-04
1.023577583053169725e-04
1.020227275283008074e-04
1.016801539762462520e-04
1.013313024289709275e-04
1.009747296389360341e-04
1.006116476116502493e-04
1.002406674347433401e-04
9.986295106698265579e-05
9.947716253339616214e-05
9.908441647396335037e-05
9.868342860720067864e-05
9.827526898946933333e-05
9.785870394708535340e-05
9.743476170243768511e-05
9.700225826607432929e-05
9.656218279793415320e-05
9.611340023478894782e-05
9.565686347478866646e-05
9.519148579136043004e-05
9.471818665750950041e-05
9.423592726434913420e-05
9.374559653848353201e-05
9.324620334153438741e-05
9.273860897958602963e-05
9.222186990929845504e-05
9.169682279280469807e-05
9.116257177627433656e-05
9.061993190672600279e-05
9.006805528031956644e-05
8.950773840910962312e-05
8.893818175904549882e-05
8.836016643453699750e-05
8.777294184029141202e-05
8.717727683945692601e-05
8.657247047921472042e-05
8.595928257394289064e-05
8.533706263212935449e-05
8.470656461917724358e-05
8.406718941291790642e-05
8.341968831108821582e-05
8.276351452472547211e-05
8.209941981269917215e-05
8.142691069679322124e-05
8.074674242969855933e-05
8.005847578286431725e-05
7.936287238479301613e-05
7.865954809301598048e-05
7.794927357613914119e-05
7.723172043483477443e-05
7.650767074365180079e-05
7.577685223300060157e-05
7.504006035510090821e-05
7.429707897988827307e-05
7.354871840351387728e-05
7.279481814629353259e-05
7.203620418184978550e-05
7.127277055509854693e-05
7.050535897548597755e-05
6.973391609808368143e-05
6.895929849558003451e-05
6.818150256646910248e-05
6.740139777780338587e-05
6.661902628197577544e-05
6.583526720618039551e-05
6.505020317432130253e-05
6.426471831028076980e-05
6.347892897512945147e-05
6.269371805048081403e-05
6.190922731467491573e-05
6.112633048069003876e-05
6.034518474973226928e-05
5.956664499650484693e-05
5.879087215615279717e-05
5.801869087934362888e-05
5.725025253027688415e-05
5.648633857610748602e-05
5.572707610101948521e-05
5.497318914982576339e-05
5.422476479673382470e-05
5.348245463163016057e-05
5.274628956208158047e-05
5.201683361189781069e-05
5.129404577964374147e-05
5.057838830989204253e-05
4.986973407752360048e-05
4.916843148750033943e-05
4.847425599508915778e-05
4.778743378161203858e-05
4.710763614636974075e-05
4.643496408126084437e-05
4.576898436622037116e-05
4.510967710796266684e-05
4.445651241830174221e-05
4.380936287038750612e-05
4.316761961563833372e-05
4.253107152059447664e-05
4.189905945903889538e-05
4.127132360012932325e-05
4.064719437606193012e-05
4.002640897964741590e-05
3.940833714312811867e-05
3.879276736802771326e-05
3.817916516674615339e-05
3.756742891376102929e-05
3.695717764196079167e-05
3.634847573815656310e-05
3.574114684310472173e-05
3.513546603694520847e-05
3.453149601756930854e-05
3.392974511577663522e-05
3.333052193249525760e-05
3.273455772344358863e-05
3.214237630959530605e-05
3.155488032366004781e-05
3.097273469588426355e-05
3.039691813821711130e-05
2.982812094850830203e-05
2.926726590573492011e-05
2.871492435590513228e-05
2.817181403087740888e-05
2.763824077135131085e-05
2.711458379292228679e-05
2.660077282503078998e-05
2.609677263827493569e-05
2.560210524457899871e-05
2.511634338838953588e-05
2.463868314784402265e-05
2.416844924745089528e-05
2.370471414498687203e-05
2.324680653094135483e-05
2.279396005177995030e-05
2.234580296011809094e-05
2.190200740213345265e-05
2.146272891966203493e-05
2.102822316322312961e-05
2.059920705959929820e-05
2.017642192174449862e-05
1.976090997168993612e-05
1.935353412510616318e-05
1.895520198563246776e-05
1.856639397201769999e-05
1.818740486239153398e-05
1.781795870742675864e-05
1.745754510812398601e-05
1.710517960034760776e-05
1.675986105736999745e-05
1.642045589277715806e-05
1.608620176091114811e-05
1.575658879192504271e-05
1.543174947230380010e-05
1.511217186423733982e-05
1.479884819622004180e-05
1.449277110134255077e-05
1.419490527557015059e-05
1.390565200001610555e-05
1.362492610988622467e-05
1.335190171360046312e-05
1.308544509610162215e-05
1.282422757402837586e-05
1.256736657801400044e-05
1.231452084881586026e-05
1.206621159335067905e-05
1.182340672446950654e-05
1.158728233020464153e-05
1.135847481552147031e-05
1.113689844074689025e-05
1.092152302636287214e-05
1.071097352027363749e-05
1.050401375201594587e-05
1.030033831688423035e-05
1.010056102345899537e-05
9.905965190535239104e-06
9.717491826516196619e-06
9.535167236356381426e-06
9.357819079826606610e-06
9.183920198176268471e-06
9.012499904035799184e-06
8.843965301986169718e-06
8.679607341995371425e-06
8.520563567241122197e-06
8.366597209855034030e-06
8.216285229245679471e-06
8.068129277745616099e-06
7.922012146559014996e-06
7.779085550872499074e-06
7.640487148750917066e-06
7.505876373402107028e-06
7.373892058734391564e-06
7.243721466219384431e-06
7.116101782644809172e-06
6.991992930910549948e-06
6.870988154842724051e-06
6.751619723554143722e-06
6.633599364060425767e-06
6.518251273013258266e-06
6.406407828469568173e-06
6.296874159820159745e-06
6.188433886085054186e-06
6.081702765091998275e-06
5.977541812784036140e-06
5.875013557727827905e-06
5.773397787529683777e-06
5.673894273499113194e-06
5.577115916253071491e-06
5.481631443628746612e-06
5.387120890851125625e-06
5.294550677763392474e-06
5.203214682956680628e-06
5.112403488797292962e-06
5.023404058273579942e-06
4.936226658701335013e-06
4.850085680129124337e-06
4.765592998132735108e-06
4.682232671386157524e-06
4.599439412489077448e-06
4.517890629743850964e-06
4.436966151203852633e-06
4.357159865015580292e-06
4.279069516968931357e-06
4.201998868535658007e-06
4.126177689622250144e-06
4.050994460019577120e-06
3.976568372079600142e-06
3.902785374215346927e-06
3.829549730537401863e-06
3.757564540915498981e-06
3.686789548653878726e-06
3.617303517228693415e-06
3.548550949547673765e-06
3.480496193791407048e-06
3.412959222399398766e-06
3.345903073258336202e-06
3.279397270485880909e-06
3.214098102732606378e-06
3.149983234689568965e-06
3.086963749002836233e-06
3.024663132592270966e-06
2.962888149784558907e-06
2.901602769060464257e-06
2.840691911039710339e-06
2.780409579471985613e-06
2.721353600965975573e-06
2.663442676787535657e-06
2.606488482095837001e-06
2.550182649529271723e-06
2.494362489645127377e-06
2.439017090029740826e-06
2.384006009574053339e-06
2.329759537530430441e-06
2.276714500375336632e-06
2.224763979671399136e-06
2.173603726286987043e-06
2.123051868359553147e-06
2.073034306412452984e-06
2.023481079544881744e-06
1.974241936027147998e-06
1.925855553948404662e-06
1.878656222577891533e-06
1.832502164438334302e-06
1.787020594015062106e-06
1.742095510172109505e-06
1.697771782208610656e-06
1.653901033027266833e-06
1.610376571121340117e-06
1.567788222226673740e-06
1.526310309601503424e-06
1.485787111324871196e-06
1.445877771900638210e-06
1.406521378031776699e-06
1.367832618673382307e-06
1.329550426645748803e-06
1.291693564571703623e-06
1.254849587225375589e-06
1.218945909995168927e-06
1.183874062911537408e-06
1.149427062457086162e-06
1.115507128200759486e-06
1.082293625579625764e-06
1.049485831634308908e-06
1.017187973699793498e-06
9.858956138254649755e-07
9.554173391177673287e-07
9.256577221381384081e-07
8.965229153507114736e-07
8.679731992536941697e-07
8.401778380533362774e-07
8.127914649279078956e-07
7.860784137312957639e-07
7.602669997595801677e-07
7.352321222298411409e-07
7.108059709431115663e-07
6.870304329481296222e-07
6.639127478354432926e-07
6.415175965951547876e-07
6.194962664449617227e-07
5.981398383236601061e-07
5.774800926611550309e-07
5.574240633581790977e-07
5.377814731219494362e-07
5.186106222660558971e-07
4.999669777291350025e-07
4.817956447027885973e-07
4.638118631841182319e-07
4.462751924960327899e-07
4.290851510073419482e-07
4.122189147231668188e-07
3.955680322417784038e-07
3.792129221777943636e-07
3.632801856232379394e-07
3.476727474328847651e-07
3.322662396681540005e-07
3.172927154760648686e-07
3.025895022866535833e-07
2.882236627159267181e-07
2.741912624580100581e-07
2.605183320409865385e-07
2.473482293155697835e-07
2.345589574456781434e-07
2.220946695924089620e-07
2.100804752223225261e-07
1.983787234446419586e-07
1.870708737137409415e-07
1.761936784232591535e-07
1.657525354468845205e-07
1.558575114943585950e-07
1.463698560537309396e-07
1.372897370126312260e-07
1.285782833509108964e-07
1.201852179179057890e-07
1.121246169366536287e-07
1.044388452429922259e-07
9.711525216105869000e-08
9.023231415229728932e-08
8.371134773591227224e-08
7.756937243974212833e-08
7.172884066689305596e-08
6.619969558560826116e-08
6.098769957597469803e-08
5.610131717565804898e-08
5.150141368164942188e-08
4.720789175859743008e-08
4.317050492073238134e-08
3.936783685721246964e-08
3.574244436906388788e-08
3.234219088253646596e-08
2.920326403923360489e-08
2.632636896661579661e-08
2.367622179759762690e-08
2.125634972628071178e-08
1.902980697661269607e-08
1.693726956457541584e-08
1.495086493231686553e-08
1.308634737208952530e-08
1.135385363166495025e-08
9.755527823570491536e-09
8.292703753937152314e-09
7.018005705511573614e-09
5.919454855559546410e-09
4.904138255603712564e-09
3.947430148855278328e-09
3.043541676935449743e-09
2.208267722101080573e-09
1.447755311979642936e-09
7.465789468505114688e-10
1.466059002742283997e-10
-3.679777764158570018e-10
-8.358646766416904598e-10
-1.242604277433978071e-09
-1.583520580497813036e-09
-1.872215857963431843e-09
-2.129501858207475781e-09
-2.388715050702524982e-09
-2.630691921057090928e-09
-2.869859391364257637e-09
-3.060357143142948885e-09
-3.164596237606652378e-09
-3.201040127212719698e-09
-3.219513106012216219e-09
-3.260192461093697676e-09
-3.336538993697136261e-09
-3.391913102174185800e-09
-3.435189674012944301e-09
-3.457184940649859901e-09
-3.444850922290108787e-09
-3.385081893934210788e-09
-3.318875832386039549e-09
-3.287175673606259896e-09
-3.270423810919025555e-09
-3.225121779683103999e-09
-3.166847250640164207e-09
-3.110155040772960755e-09
-3.057224302680571875e-09
-2.991542228588623078e-09
-2.925933358823832428e-09
-2.866744567138411122e-09
-2.795872274597249570e-09
-2.716273005221562618e-09
-2.645741066139927773e-09
-2.555719524781102568e-09
-2.487473134705805667e-09
-2.445351155071467075e-09
-2.382057838388776488e-09
-2.310818099839951204e-09
-2.243833161134135870e-09
-2.176800419674849342e-09
-2.110336359843616430e-09
-2.022590991050704053e-09
-1.957868963969455197e-09
-1.911199688300573398e-09
-1.850514207457622741e-09
-1.795380457270972175e-09
-1.749353213875341989e-09
-1.711802028582671070e-09
-1.650001818601103716e-09
-1.584449141608418102e-09
-1.513787280106556044e-09
-1.458617704281306076e-09
-1.410846503481636145e-09
-1.380242379456320484e-09
-1.362991499084169539e-09
-1.336651597624773230e-09
-1.291967821104148645e-09
-1.235570835459397916e-09
-1.162975124337421864e-09
-1.108114167799866638e-09
-1.074891175964247086e-09
-1.064484873202332558e-09
-1.063846955461739438e-09
-1.045482607256264487e-09
-1.010913933208663487e-09
-9.570501791214999588e-10
-8.923418959017030779e-10
-8.467475016640041103e-10
-8.247819784239012793e-10
-8.253633322421548152e-10
-8.279619053463771357e-10
-8.165004888042846105e-10
-7.805191989329859816e-10
-7.311649863982978122e-10
-6.811061798076585672e-10
-6.458599961795315942e-10
-6.296612567752467254e-10
-6.336607703739695741e-10
-6.353721073391150032e-10
-6.218872555037351919e-10
-5.832808536845764027e-10
-5.422118241323553609e-10
-5.060161248669539763e-10
-4.779050125450668876e-10
-4.631792121661150642e-10
-4.654895406387603260e-10
-4.654811658625088747e-10
-4.446851971709367486e-10
-4.078655144218307227e-10
-3.760103821500135499e-10
-3.504936036403228275e-10
-3.255738364135847852e-10
-3.096026951494847787e-10
-3.109892524938460946e-10
-3.072656830199318328e-10
-2.834399955272463533e-10
-2.502883568326777222e-10
-2.252250780175941796e-10
-2.065084383203657678e-10
-1.840827900659405062e-10
-1.694275917720869866e-10
-1.708534866140056150e-10
-1.614765939002822456e-10
-1.405675598021994530e-10
-1.150772412262698624e-10
-9.656275045994723798e-11
-8.386227558050852634e-11
-6.550739736121233004e-11
-5.677817022120533753e-11
-5.997869770401279893e-11
-4.894389989145002878e-11
-3.592526630992151117e-11
-2.150586901164417479e-11
-1.050498042103447290e-11
-5.927270265754524951e-12
4.430496043979163050e-12
4.662474219006204085e-12
-1.003963852147796368e-12
4.245967401839273296e-12
9.028206784353892173e-12
1.266399979439072191e-11
1.449336301207245311e-11
1.218332006015990147e-11
1.499429611387915344e-11
7.369920277792369009e-12
1.207824262429089290e-12
-2.995625619454429539e-13
-1.350037926711905546e-13
-2.940328355564923517e-12
-5.563872045908862203e-12
-8.955076650788245297e-12
-8.627879346715274487e-12
-1.587456694996661928e-11
-1.868382349120346152e-11
-1.921906694829245877e-11
-1.710049834321232992e-11
-1.699629159217697266e-11
-1.660267452575999295e-11
-1.482318736134089829e-11
-1.153262446222760912e-11
-1.303158865581076310e-11
-1.025556703335796174e-11
-7.515118988849540941e-12
-3.437481621449466302e-12
-1.068590809503314935e-12
2.923900520423248941e-13
2.737085837020574945e-12
3.939238537347209127e-12
1.900126720667562409e-12
2.599539604108695585e-12
1.771980248235029451e-12
1.254774558213451638e-12
2.288635718472277424e-13
-1.869897334014536777e-12
-2.320649252992010204e-12
-3.609336000224928261e-12
-5.418466772682106022e-12
-4.878525251364882239e-12
-4.413198702104395818e-12
-3.372147292388403538e-12
-2.034444511366057097e-12
-1.255104758998085536e-12
6.015894479590374070e-13
8.386563581844527390e-13
1.039164043033803053e-12
1.124711596876551139e-12
9.170981164043867212e-13
5.073724445792932300e-14
-7.196173070098026291e-13
-1.622926768549811170e-12
-1.584551439412191130e-12
-2.067416180999594199e-12
-1.640240256072144690e-12
-9.355507314232715233e-13
3.324316802241534667e-14
5.478121469783065914e-13
7.400981741328174535e-13
5.492452876585558550e-13
2.651998584902596938e-13
-6.309966141359307087e-13
-9.864475002373585004e-13
-1.095568679450028726e-12
-7.110067579678088277e-13
-2.290094507423955451e-13
1.932682002730033673e-13
4.902344569346652992e-13
3.974174976708386320e-13
-1.668929514380631584e-13
-4.717005732767163416e-13
-6.497868895878262031e-13
-4.396157910642628364e-13
-2.103618088683700148e-14
2.189811817159418849e-13
3.021750694286899409e-13
2.300560692284178314e-14
-3.667340571306081420e-13
-4.018561980722025142e-13
-1.913718155023425391e-13
1.144104316246962181e-13
2.390829867396863529e-13
-2.983169496177761452e-15
-2.043329098224824840e-13
-2.868187476672387619e-13
-5.397420118726915158e-14
1.517454707782956518e-13
1.125415025974230062e-13
-1.439810465629119664e-13
-2.035806161684753873e-13
-4.832813741882005824e-14
1.547693893841372527e-13
2.025879562942800421e-14
-1.479560262176328435e-13
-1.147526835737372425e-13
8.958063885943494557e-14
6.163876254530195475e-14
-1.012928280464542000e-13
-1.006163906951055041e-13
8.444722177329382490e-14
2.758285709844148303e-14
-9.842437622037028147e-14
-3.258109279060537714e-14
8.449778706027306943e-14
-4.620490509792371034e-14
-6.690471091015624169e-14
5.610832668057537478e-14
3.168363000227937342e-15
-7.992851491247338571e-14
5.710547587764121393e-14
-8.905907034454200683e-15
-5.277529659165551584e-14
4.902122437238413432e-14
-2.393446260660261741e-14
-2.819967998698363722e-14
5.107029325279472556e-14
-6.262314638979452917e-14
4.340155980419533899e-14
-2.520572356785599817e-14
-1.025086371347909788e-15
1.414375895070003703e-14
-2.637811054685122511e-14
2.752026868428159427e-14
-2.875907133686661479e-14
2.461720535309036572e-14
-2.197410943019463104e-14
1.777027930024504528e-14
-1.473690097336794059e-14
1.212545843027983411e-14
-9.487602740373016117e-15
8.451333700595417355e-15
-6.084838872365350410e-15
6.235800488857237938e-15
-3.909021906621019443e-15
4.911605771317647903e-15
-2.475058162488027818e-15
4.102492057486911372e-15
-1.486103479413451145e-15
3.591162090908894947e-15
-7.724299138653735959e-16
3.256370084467784423e-15
-2.369795080572195396e-16
3.029817777892642107e-15
1.774852893849306849e-16
2.871928774466898777e-15
5.062049426988939412e-16
2.758969679804833446e-15
7.718872240835679728e-16
2.676216422350748091e-15
9.898072949474915434e-16
2.614248309338156486e-15
1.170642566413499467e-15
2.566873833673923573e-15
1.322108564572644626e-15
2.529929377621174740e-15
1.449940199977645469e-15
2.500559953005970414e-15
1.558502846805319879e-15
2.476775164917464313e-15
1.651186441810553284e-15
2.457167472753041050e-15
1.730667935072999960e-15
2.440729067486896520e-15
1.799091230263991502e-15
2.426730323884700004e-15
1.858193831303063742e-15
2.414637641846257712e-15
1.909398100600637679e-15
2.404057035833313219e-15
1.953878413690623031e-15
2.394694876163725416e-15
1.992611511588366280e-15
2.386330248883317908e-15
2.026414888643015704e-15
2.378795301008938482e-15
2.055976495418743710e-15
2.371961144964617401e-15
2.081878024405707475e-15
2.365727675902542774e-15
2.104613378747900919e-15
2.360016170176495733e-15
2.124603470672933474e-15
2.354763876725588384e-15
2.142208188551479885e-15
2.349920047087175010e-15
2.157736151604280525e-15
2.345443010166952901e-15
2.171452718464424776e-15
2.341298009462751768e-15
2.183586604036300568e-15
2.337455599706095597e-15
2.194335377187389530e-15
2.333890454456000004e-15
2.203870051437104638e-15
2.330580477497407418e-15
2.212338935777241543e-15
2.327506138397096698e-15
2.219870877461187017e-15
2.324649974434746868e-15
2.226578003024972682e-15
2.321996215589169203e-15
2.232558042315958052e-15
2.319530500965609090e-15
2.237896305231752555e-15
2.317239663051976845e-15
2.242667367180921832e-15
2.315111562236125218e-15
2.246936509917894194e-15
2.313134958650992705e-15
2.250760955904518307e-15
2.311299411623703344e-15
2.254190928251727529e-15
2.309595199727564890e-15
2.257270562099183711e-15
2.308013255909964083e-15
2.260038690301596688e-15
2.306545113968974250e-15
2.262529521315871457e-15
2.305182863452133809e-15
2.264773225374590729e-15
2.303919110688828941e-15
2.266796441933042831e-15
2.302746944749327175e-15
2.268622719592155437e-15
2.301659906794274808e-15
2.270272898043245888e-15
2.300651962322572229e-15
2.271765440043987147e-15
2.299717475524563201e-15
2.273116720387096359e-15
2.298851185526496078e-15
2.274341277624764230e-15
2.298048183906762509e-15
2.275452033676834093e-15
2.297303893666600408e-15
2.276460485677280306e-15
2.296614049182130037e-15
2.277376873611520903e-15
2.295974677211301027e-15
2.278210327063731852e-15
2.295382078855097629e-15
2.278968993762977961e-15
2.294832812328404752e-15
2.279660152377969156e-15
2.294323676660371068e-15
2.280290311402342023e-15
2.293851696125060486e-15
2.280865296177331497e-15
2.293414105515039374e-15
2.281390325347946549e-15
2.293008336131136277e-15
2.281870078187766138e-15
2.292632002524197101e-15
2.282308753924029649e-15
2.292282889983351602e-15
2.282710124058464876e-15
2.291958942635863606e-15
2.283077578539826409e-15
2.291658252295775909e-15
2.283414166569496951e-15
2.291379047891422866e-15
2.283722632642828276e-15
2.291119685525883572e-15
2.284005448473171396e-15
2.290878639140052976e-15
2.284264841229259547e-15
2.290654491700320101e-15
2.284502818570611483e-15
2.290445926930806404e-15
2.284721190816072623e-15
2.290251721556211325e-15
2.284921590621102702e-15
2.290070737996181697e-15
2.285105490420932820e-15
2.289901917508367097e-15
2.285274217925786280e-15
2.289744273764308978e-15
2.285428969840764809e-15
2.289596886790432768e-15
2.285570824079570931e-15
2.289458897280528378e-15
2.285700750559686467e-15
2.289329501250110794e-15
2.285819620796752872e-15
2.289207944985443103e-15
2.285928216401687871e-15
2.289093520302768804e-15
2.286027236585129508e-15
2.288985560040869855e-15
2.286117304799008746e-15
2.288883433830693571e-15
2.286198974594683011e-15
2.288786544049647527e-15
2.286272734760865764e-15
2.288694322017397116e-15
2.286339013840866099e-15
2.288606224345018471e-15
2.286398184075589292e-15
2.288521729473562790e-15
2.286450564831049862e-15
2.288440334363077754e-15
2.286496425568299174e-15
2.288361551326805362e-15
2.286535988396834475e-15
2.288284905008069736e-15
2.286569430259781069e-15
2.288209929476233212e-15
2.286596884806344005e-15
