# bin_2_2
3.642602287337138261e-05
3.605941579294617009e-05
3.641459825598315157e-05
3.606978082010163305e-05
3.640379764363705045e-05
3.607946234008526157e-05
3.639357779389665998e-05
3.608849647037691214e-05
3.638389768074827817e-05
3.609691656954298222e-05
3.637471832691779899e-05
3.610475339317459987e-05
3.636600264808780079e-05
3.611203524013117570e-05
3.635771530888249069e-05
3.611878809019469506e-05
3.634982259068492659e-05
3.612503573512414651e-05
3.634229227168197309e-05
3.613079990468639422e-05
3.633509351934803772e-05
3.613610038932098901e-05
3.632819679608684753e-05
3.614095516132084882e-05
3.632157377874727284e-05
3.614538049649370835e-05
3.631519729279437286e-05
3.614939109812520117e-05
3.630904126248161187e-05
3.615300022519328147e-05
3.630308067773361933e-05
3.615621982700956594e-05
3.629729157905417009e-05
3.615906068574615255e-05
3.629165106125468797e-05
3.616153256871200541e-05
3.628613729707969547e-05
3.616364439148818009e-05
3.628072958047972804e-05
3.616540439243696656e-05
3.627540838950361174e-05
3.616682031817272961e-05
3.627015546708471172e-05
3.616789961858429250e-05
3.626495391698566194e-05
3.616864964797636791e-05
3.625978830993357212e-05
3.616907786680467773e-05
3.625464479293486771e-05
3.616919203604541662e-05
3.624951119157122166e-05
3.616900039274790574e-05
3.624437709186274775e-05
3.616851179173282359e-05
3.623923388431666827e-05
3.616773579463659883e-05
3.623407474902380317e-05
3.616668268346995470e-05
3.622889455701005021e-05
3.616536337282770779e-05
3.622368966055188126e-05
3.616378919293685047e-05
3.621845754436040226e-05
3.616197151672741916e-05
3.621319631242237314e-05
3.615992120888963772e-05
3.620790399255866682e-05
3.615764788527714495e-05
3.620257765510168671e-05
3.615515898944827701e-05
3.619721236438620723e-05
3.615245872002917441e-05
3.619180001403656379e-05
3.614954687978717184e-05
3.618632813869337745e-05
3.614641776319974838e-05
3.618077884407713168e-05
3.614305925022197325e-05
3.617512804797255315e-05
3.613945232201523877e-05
3.616934526680496586e-05
3.613557124618962545e-05
3.616339419910540465e-05
3.613138467523809819e-05
3.615723432684942774e-05
3.612685783857437158e-05
3.615082365324158957e-05
3.612195586153344080e-05
3.614412249945847826e-05
3.611664799750113463e-05
3.613709798577235830e-05
3.611091221794219359e-05
3.612972844801113904e-05
3.610473921543288269e-05
3.612200666134610723e-05
3.609813454095084823e-05
3.611394049707936338e-05
3.609111748769690942e-05
3.610554972128322452e-05
3.608371566409237981e-05
3.609685827141953952e-05
3.607595515930238941e-05
3.608788265394743109e-05
3.606784783518115627e-05
3.607861899089211469e-05
3.605937929111675865e-05
3.606903319205564739e-05
3.605050267692040867e-05
3.605905972749502572e-05
3.604114355397579074e-05
3.604861319328752598e-05
3.603121814936011559e-05
3.603761230721938682e-05
3.602066118587603265e-05
3.602600860230826830e-05
3.600945165694198333e-05
3.601380496616506327e-05
3.599761994816608012e-05
3.600104798259922025e-05
3.598522380892990049e-05
3.598778846072371221e-05
3.597229753581605394e-05
3.597402655596470752e-05
3.595880296378358191e-05
3.595967970254941782e-05
3.594462438269597083e-05
3.594461071472476992e-05
3.592962954537045218e-05
3.592871303432335658e-05
3.591376206199746289e-05
3.591198709206687960e-05
3.589707763282388092e-05
3.589451854694007964e-05
3.587966030913132022e-05
3.587634778443693728e-05
3.586147991022328361e-05
3.585736225650272785e-05
3.584236424977550387e-05
3.583737298826933528e-05
3.582216783595141212e-05
3.581632181229437313e-05
3.580093503781262866e-05
3.579431972379940020e-05
3.577877493761094326e-05
3.577139286218613547e-05
3.575558781954533028e-05
3.574733276086234409e-05
3.573114216516149312e-05
3.572198982426915136e-05
3.570543818161539979e-05
3.569548572737293109e-05
3.567860603900391292e-05
3.566782372870963466e-05
3.565047075363605690e-05
3.563873067733045553e-05
3.562083175945761555e-05
3.560819930659075771e-05
3.558983494396295488e-05
3.557633754927401340e-05
3.555738079949265191e-05
3.554286238830403079e-05
3.552322416307177028e-05
3.550775880527793385e-05
3.548752104815120682e-05
3.547108160365007937e-05
3.545006223335857038e-05
3.543252488313371066e-05
3.541075136748420991e-05
3.539222363293320574e-05
3.536963830571643536e-05
3.534994025923137866e-05
3.532644143937261184e-05
3.530566548323557684e-05
3.528128099695325485e-05
3.525927337324790323e-05
3.523385508757090627e-05
3.521068202752408721e-05
3.518425901267776819e-05
3.515976135723474454e-05
3.513221464915821789e-05
3.510647001548877468e-05
3.507775266169440686e-05
3.505058959965760119e-05
3.502068817633033381e-05
3.499213642217497512e-05
3.496088903331922941e-05
3.493089279969407090e-05
3.489831854344083503e-05
3.486674582688543430e-05
3.483277546187352165e-05
3.479962739116726066e-05
3.476412497395318441e-05
3.472936452511393002e-05
3.469227535128421250e-05
3.465579565016261633e-05
3.461708291215225247e-05
3.457879361197701082e-05
3.453838296460950117e-05
3.449822135980479520e-05
3.445601913870022421e-05
3.441392347072281464e-05
3.436983776136784868e-05
3.432573612447352532e-05
3.427967938622937755e-05
3.423349183516242983e-05
3.418537712727476758e-05
3.413701920210865512e-05
3.408675758548893546e-05
3.403614191460395345e-05
3.398364161872574987e-05
3.393067828352011838e-05
3.387584464834797839e-05
3.382044116419894732e-05
3.376317677086937424e-05
3.370523803617301065e-05
3.364544284681140037e-05
3.358487114240654513e-05
3.352244262588499548e-05
3.345913766738600130e-05
3.339397092338998289e-05
3.332782995724643723e-05
3.325981785235256771e-05
3.319073578979999788e-05
3.311976911540736099e-05
3.304763870255998805e-05
3.297360636166730887e-05
3.289831838665742734e-05
3.282110761501008656e-05
3.274255115462522062e-05
3.266204778113739765e-05
3.258011049034105499e-05
3.249619924153312502e-05
3.241076768987749117e-05
3.232333254312859503e-05
3.223429260252813427e-05
3.214321719310465431e-05
3.205045448181252860e-05
3.195562256884066580e-05
3.185902295678378000e-05
3.176031895354880817e-05
3.165976913443990375e-05
3.155707870858641791e-05
3.145246684443792746e-05
3.134567759379568066e-05
3.123689403759900916e-05
3.112589624744230033e-05
3.101283434983129737e-05
3.089752183737281193e-05
3.078007884303047274e-05
3.066034989482006862e-05
3.053842793418744630e-05
3.041418634180075489e-05
3.028769352327180021e-05
3.015884972218652908e-05
3.002770132936868691e-05
2.989417364519380031e-05
2.975829344293649985e-05
2.962000944812022502e-05
2.947933109979766471e-05
2.933622908252776998e-05
2.919069767943393968e-05
2.904272822458211798e-05
2.889230192617775486e-05
2.873942960573868917e-05
2.858408138678228541e-05
2.842628655422236583e-05
2.826600605142448814e-05
2.810328673057530972e-05
2.793808217721521355e-05
2.777045603170108978e-05
2.760035626352711570e-05
2.742786262709191289e-05
2.725291913666046161e-05
2.707562107802370424e-05
2.689591008729879523e-05
2.671389647521472388e-05
2.652952098764279707e-05
2.634290851255632635e-05
2.615400029586384203e-05
2.596293539389295740e-05
2.576965683348499874e-05
2.557431744639263456e-05
2.537686319648534139e-05
2.517746028790990859e-05
2.497605863353102339e-05
2.477283736720765006e-05
2.456775119520908474e-05
2.436099166558336338e-05
2.415251892728057304e-05
2.394253631736297926e-05
2.373100985005092387e-05
2.351815387644204232e-05
2.330394043686695126e-05
2.308859392881820196e-05
2.287209228014392180e-05
2.265466872998544965e-05
2.243630661681531165e-05
2.221724653529072839e-05
2.199747638140942403e-05
2.177724229624335655e-05
2.155653547008778005e-05
2.133560542298409970e-05
2.111444494029817231e-05
2.089330437071258500e-05
2.067217594688818078e-05
2.045130790512661147e-05
2.023068933639391307e-05
2.001056304901293462e-05
1.979091199712115526e-05
1.957196991935855647e-05
1.935371030351611802e-05
1.913635394089987135e-05
1.891986130709708548e-05
1.870443627394904429e-05
1.849002271637179392e-05
1.827680372171570252e-05
1.806470317039154806e-05
1.785387987536174174e-05
1.764423482833477887e-05
1.743589978902979881e-05
1.722875083653833779e-05
1.702289100672702181e-05
1.681817073669735027e-05
1.661466421606815411e-05
1.641219725689293320e-05
1.621081707630284941e-05
1.601032805933844396e-05
1.581075472129075916e-05
1.561188575053597000e-05
1.541372990321696840e-05
1.521606861126539284e-05
1.501890453479042831e-05
1.482202289242537842e-05
1.462543233531999958e-05
1.442893500178673887e-05
1.423255928350844900e-05
1.403613842981347406e-05
1.383973466228034713e-05
1.364322597157129870e-05
1.344672092352320815e-05
1.325015313243106399e-05
1.305368602694170580e-05
1.285731439210956056e-05
1.266125837838720736e-05
1.246557153738343499e-05
1.227052352234498982e-05
1.207621425919886284e-05
1.188294515730833396e-05
1.169083950159588596e-05
1.150020259275925969e-05
1.131114911435831788e-05
1.112395341068992010e-05
1.093868538501192433e-05
1.075555295446759544e-05
1.057454876183157830e-05
1.039578744442525569e-05
1.021916575448479719e-05
1.004469725789102641e-05
9.872187949367550801e-06
9.701569964633252307e-06
9.532593121444937873e-06
9.365156994573465221e-06
9.199016029910957626e-06
9.034106199839888831e-06
8.870258084937476166e-06
8.707511358274935855e-06
8.545827970361179098e-06
8.385386707734058617e-06
8.226289348632087560e-06
8.068830451395116483e-06
7.913194626614018088e-06
7.759704277618135592e-06
7.608515437458534580e-06
7.459856215318466202e-06
7.313737866938205765e-06
7.170203225022762874e-06
7.029071450007016558e-06
6.890210998891567388e-06
6.753324266366910885e-06
6.618240234048510904e-06
6.484720718543864522e-06
6.352742353021983019e-06
6.222285429986747746e-06
6.093565473591124805e-06
5.966773418700143157e-06
5.842244983732708023e-06
5.720167270884551376e-06
5.600730841619382651e-06
5.483870689420201188e-06
5.369477061975284444e-06
5.257231444709370152e-06
5.146897572138253450e-06
5.038216868353618561e-06
4.931187146329497580e-06
4.825889587733715458e-06
4.722635766471678597e-06
4.621667305463418108e-06
4.523213921787703528e-06
4.427213775913337242e-06
4.333489989978835609e-06
4.241667504169852389e-06
4.151513064683901958e-06
4.062907123054359394e-06
3.976057991422040632e-06
3.891230165202921308e-06
3.808709492456687316e-06
3.728459425885668715e-06
3.650253359732514855e-06
3.573678505046483513e-06
3.498550073163053310e-06
3.424917701528830374e-06
3.353135863646962808e-06
3.283429650933464575e-06
3.215783593371386967e-06
3.149808150927770882e-06
3.085183046122449022e-06
3.021833940420683466e-06
2.960073790465876002e-06
2.900125271832259277e-06
2.841932904441688067e-06
2.785114652743721632e-06
2.729502219862089784e-06
2.675227322195569777e-06
2.622552134941093733e-06
2.571330734776287643e-06
2.521228941774069901e-06
2.472121566540344869e-06
2.424344266326455053e-06
2.378047300972659357e-06
2.332962111604863933e-06
2.288748065208500097e-06
2.245573051888357474e-06
2.203598380483431361e-06
2.162611318409368512e-06
2.122383958452717340e-06
2.083213152954290694e-06
2.045198775788554454e-06
2.008011587948916061e-06
1.971532044928046437e-06
1.936006636893725330e-06
1.901220958795368075e-06
1.867013399846616719e-06
1.833645190598049869e-06
1.801121901406294955e-06
1.769211603861222433e-06
1.738078170578276741e-06
1.707559411932064262e-06
1.677528191208107859e-06
1.648111784074172258e-06
1.619169146042219919e-06
1.590773165911490715e-06
1.563071570432358979e-06
1.535862134982796290e-06
1.509215347933710007e-06
1.482952198452896083e-06
1.457110328462973361e-06
1.431632197115903744e-06
1.406503849860347552e-06
1.381854645359856618e-06
1.357680893651993210e-06
1.333974365810641796e-06
1.310614375761678863e-06
1.287565643139853562e-06
1.264792438981532927e-06
1.242264317573243309e-06
1.220007885447084829e-06
1.198149214488861703e-06
1.176694217739470544e-06
1.155598535648553730e-06
1.134781022379157255e-06
1.114170758355915066e-06
1.093765521348966124e-06
1.073524087358359096e-06
1.053521470690531870e-06
1.033880708941899649e-06
1.014597290351626997e-06
9.956055548690010363e-07
9.768336583461000189e-07
9.582160632624225853e-07
9.397561945035128096e-07
9.214164172127467516e-07
9.033196034713848010e-07
8.855639134524906153e-07
8.681386642958948280e-07
8.509493507656380088e-07
8.339438434970244074e-07
8.170746220955145399e-07
8.003324360730340555e-07
7.836878483564874484e-07
7.672992976227332621e-07
7.512526795195096430e-07
7.355250542705563268e-07
7.199980331990170086e-07
7.046244550624075675e-07
6.893821387382278821e-07
6.742450332749760386e-07
6.592037356035760603e-07
6.444405086939451973e-07
6.300135496538691196e-07
6.158881723001616669e-07
6.019434058238506272e-07
5.881385446483981989e-07
5.744686878089021544e-07
5.608828113159592868e-07
5.474104731389642499e-07
5.342449202006646510e-07
5.213883021472126522e-07
5.088048572190796121e-07
4.963978296201024288e-07
4.841176851595742739e-07
4.719792438183839921e-07
4.599221865341538992e-07
4.480051702979720577e-07
4.364075681749685193e-07
4.250917672226029660e-07
4.140102940421475064e-07
4.030924914516640418e-07
3.923088384900710987e-07
3.816773430167751804e-07
3.711239421160624230e-07
3.607536645801951764e-07
3.506824490073370033e-07
3.408695954623095446e-07
3.312408561470648531e-07
3.217723450031037257e-07
3.124631625860305067e-07
3.033098538703888521e-07
2.942328176686667705e-07
2.853608927111482843e-07
2.767634793660999932e-07
2.684000879920875968e-07
2.601887866153123601e-07
2.521305533918817148e-07
2.442583057218135095e-07
2.365403229890859073e-07
2.289105697923584287e-07
2.215034862555471777e-07
2.143374425981766633e-07
2.073821589712512698e-07
2.005739547080238012e-07
1.939250185014014676e-07
1.874856884130828230e-07
1.811905100245332177e-07
1.750069301133848470e-07
1.690547659167132609e-07
1.632875087959385052e-07
1.576924799693454551e-07
1.522375451586955471e-07
1.469112446498679196e-07
1.417679116875239087e-07
1.367227904192378773e-07
1.317622166656189527e-07
1.269671146640850716e-07
1.222693291607887408e-07
1.176651927064212000e-07
1.131491355172458867e-07
1.087128032656358607e-07
1.044080365222023525e-07
1.001491432176576177e-07
9.596650095008832359e-08
9.188196680695129282e-08
8.786930529228842403e-08
8.391852416482570859e-08
8.005554882004925738e-08
7.628281654035257512e-08
7.263902720540760546e-08
6.905768712319243035e-08
6.558414538513498556e-08
6.220676275727885397e-08
5.892868520843546550e-08
5.574103441513821289e-08
5.267032197782241217e-08
4.972226882706815524e-08
4.690906603436199708e-08
4.418067314585358304e-08
4.156426122211108507e-08
3.902658321184316386e-08
3.658008770652606840e-08
3.422253356142951931e-08
3.197190091429734030e-08
2.983980552173698671e-08
2.782904814913074754e-08
2.591495086505039821e-08
2.410909529682016218e-08
2.237711941386231702e-08
2.073193598326246624e-08
1.917141675490234851e-08
1.769462668578501606e-08
1.630765878428728069e-08
1.500759835667817448e-08
1.378094077235555323e-08
1.262470798188451805e-08
1.152416322782387450e-08
1.049622258547520638e-08
9.544864668764990374e-09
8.664472612499273910e-09
7.852501009581635699e-09
7.100627504718651539e-09
6.396757436605253987e-09
5.726597805466324412e-09
5.091978055801938936e-09
4.502554546253728092e-09
3.960073709067476012e-09
3.461004392150449412e-09
3.010129653550037213e-09
2.612255926920793802e-09
2.252449407230932736e-09
1.912395022700301618e-09
1.590515832866498293e-09
1.291328988503088236e-09
1.013844615195088344e-09
7.560406209344269345e-10
5.262600079728160067e-10
3.368044226300956256e-10
1.702098690645323612e-10
1.478274686028656969e-11
-1.303096802014200913e-10
-2.568808388614840784e-10
-3.687859584313000170e-10
-4.750532306759902403e-10
-5.747060564368054628e-10
-6.638349801135795777e-10
-7.495910408194666096e-10
-8.154251090689220677e-10
-8.619550000516662674e-10
-8.949546945883521449e-10
-9.235781377818780843e-10
-9.597500891543055420e-10
-9.981940165885394043e-10
-1.031197482969149567e-09
-1.063591152154138374e-09
-1.077905514953999484e-09
-1.077412753313680108e-09
-1.067917260031662163e-09
-1.059276422296686474e-09
-1.062833646294740879e-09
-1.065599480408887454e-09
-1.061704034091855206e-09
-1.056190548802425713e-09
-1.049730916686733657e-09
-1.037704339565525392e-09
-1.022032508861356366e-09
-1.008443612376722169e-09
-9.982302370735212358e-10
-9.828100347627988161e-10
-9.659745504262897286e-10
-9.460262095479132881e-10
-9.271932018251711957e-10
-9.128794455086989790e-10
-9.001571783530145090e-10
-8.827266164322783549e-10
-8.635737218158807237e-10
-8.448315728572151478e-10
-8.280087308490587602e-10
-8.060932188867741563e-10
-7.832820495406318023e-10
-7.700200602180146720e-10
-7.566100315553469462e-10
-7.382071396675440720e-10
-7.206265488086519426e-10
-7.063105194269879543e-10
-6.909316947121330963e-10
-6.706742203081290197e-10
-6.492331003430839087e-10
-6.312247351129290936e-10
-6.153515180523194941e-10
-5.992834188638837209e-10
-5.869622002933639324e-10
-5.788729409780978067e-10
-5.633366057031373461e-10
-5.465369586653891211e-10
-5.248095523338202342e-10
-5.022449621712581013e-10
-4.861052652822205727e-10
-4.734492562020551895e-10
-4.653799035689528701e-10
-4.579836265383845806e-10
-4.438835368716704656e-10
-4.270559237103317628e-10
-4.048314726795490448e-10
-3.818528744295180534e-10
-3.660063150966453886e-10
-3.548684562165807761e-10
-3.489415943352025501e-10
-3.402155277502078363e-10
-3.270986033514667043e-10
-3.078415998781457876e-10
-2.864289490707083752e-10
-2.657546687012183436e-10
-2.509305815974734602e-10
-2.407207706071422352e-10
-2.345109090965085849e-10
-2.256497898303584516e-10
-2.113164024981929734e-10
-1.916500089097020989e-10
-1.728912787371884393e-10
-1.556891770203835049e-10
-1.419364123574212528e-10
-1.326900212174068354e-10
-1.269326470913278266e-10
-1.187517005774881856e-10
-1.048527241747242887e-10
-8.817828851174196151e-11
-7.388290301116789133e-11
-6.142740388519588920e-11
-5.076113395007226650e-11
-4.440150577332038784e-11
-4.157106635437792610e-11
-3.526129946694798250e-11
-2.542244664334493117e-11
-1.499479493439463856e-11
-7.168652720502264905e-12
-1.189583139069928077e-12
4.010332673265921532e-12
4.836602231767904815e-12
3.008402519283588066e-12
5.262360335930865033e-12
8.769006158998462293e-12
1.157832799211236884e-11
1.238555539053763718e-11
1.202754776303453185e-11
1.172267378728427745e-11
7.278675122235835279e-12
2.420892796269878907e-12
9.724747276497673688e-13
3.529749336943257568e-13
-1.289290442459032290e-12
-3.695110276770743024e-12
-5.682507109975400480e-12
-6.929102118295569510e-12
-1.143009003271380882e-11
-1.421298239874918786e-11
-1.448597411879410480e-11
-1.336550190703315267e-11
-1.292195954442808327e-11
-1.266596348478278588e-11
-1.110440067171403371e-11
-9.202189010611101795e-12
-9.685702765071188947e-12
-8.005749049255429354e-12
-5.600940571113523892e-12
-2.606056840920142322e-12
-5.581296335388971628e-13
5.865775835749620891e-13
2.466419317162292767e-12
3.164715421476950584e-12
1.859957021746760025e-12
2.068355268438493575e-12
1.602195459644684188e-12
1.139846350815823791e-12
3.588654534584040873e-13
-1.228385556063367212e-12
-1.671505795495363420e-12
-2.777247404720342737e-12
-4.138483225786312514e-12
-3.859551593143582866e-12
-3.409331727115011727e-12
-2.598796403026974288e-12
-1.530162338814496573e-12
-8.631662417871600812e-13
5.546305954916699469e-13
7.310413845459955340e-13
8.497085593105056583e-13
9.000805615292646350e-13
7.750511427575706410e-13
1.108689656594848914e-13
-4.937920274006206293e-13
-1.204445505030457909e-12
-1.198094662397315365e-12
-1.608994438396920188e-12
-1.299509741609623754e-12
-7.434620735260805019e-13
5.045082515870130016e-14
4.583788003377049928e-13
6.260270456808908938e-13
4.786399903896283041e-13
2.570538669295789974e-13
-4.880500578011593947e-13
-7.753847394188248442e-13
-8.685685031791675548e-13
-5.445159404278164447e-13
-1.691938539030644785e-13
1.718013908932602717e-13
4.038835067717201356e-13
3.428070764692122215e-13
-1.330292533287897447e-13
-3.664322086761296688e-13
-5.125794956934005005e-13
-3.312724210586163519e-13
-1.221426329194050790e-14
1.811142201923515470e-13
2.471132815794165203e-13
3.099346967578274563e-14
-2.949941515317232788e-13
-3.103900666418971828e-13
-1.485929436871599804e-13
1.000055224592463124e-13
1.899073899255073204e-13
6.053787238998817191e-16
-1.580840610295941369e-13
-2.200385058636440100e-13
-4.725224181287505653e-14
1.259910195515158838e-13
9.057553313634577878e-14
-1.085963458123124093e-13
-1.635840674567935819e-13
-3.707440570660866533e-14
1.252840544393886701e-13
1.927017020878209231e-14
-1.195388266603865995e-13
-8.861336269589782647e-14
7.067605104201042083e-14
5.184881854126507034e-14
-8.234026020354128156e-14
-7.833189692500756127e-14
6.707106290173139780e-14
2.254239744135669728e-14
-7.910976195638377513e-14
-2.437664734457953664e-14
6.524982873159781303e-14
-3.485634329626025155e-14
-5.516567641918094046e-14
4.559978657592586790e-14
1.443092272952272230e-15
-6.333070052811564963e-14
4.418285692112859254e-14
-6.404181962287813680e-15
-4.390377914612232327e-14
3.992315491355220614e-14
-2.105919893931548617e-14
-2.176094792938179643e-14
3.876166408412597652e-14
-4.937871061737284267e-14
3.269276166240906333e-14
-1.970688582579480595e-14
-2.680817753462374465e-15
1.151961838368084738e-14
-2.284780652691288498e-14
2.205444566859433275e-14
-2.470446606545487100e-14
1.962738919612476869e-14
-1.925948026243297983e-14
1.407157342036731353e-14
-1.345872014003162887e-14
9.486661682471023863e-15
-9.245917701309478919e-15
6.482757118885099903e-15
-6.507145592555608822e-15
4.649652261446683847e-15
-4.747757965852660852e-15
3.533755963690479452e-15
-3.580684553467439299e-15
2.834127192436433862e-15
-2.769127389548185607e-15
2.376792309649201534e-15
-2.177726254670039473e-15
2.064506753157704780e-15
-1.729100224207595327e-15
1.842341970613413424e-15
-1.377632249427453682e-15
1.678342870205445658e-15
-1.095246547967450010e-15
1.553242299608934189e-15
-8.638569055734504685e-16
1.455001083121207235e-15
-6.712979115862354575e-16
1.375845178331108886e-15
-5.090639426439155561e-16
1.310605924323148030e-15
-3.710049633725636400e-16
1.255757623260451018e-15
-2.525446537495206268e-16
1.208840395941812223e-15
-1.501938684331378947e-16
1.168103154038189637e-15
-6.123714481197869505e-17
1.132276482060727906e-15
1.647584250333781363e-17
1.100424540969474566e-15
8.467309284363650122e-17
1.071846377749006030e-15
1.447606659537288044e-16
1.046008894489495383e-15
1.978949241194140197e-16
1.022500554945174215e-15
2.450356262348224469e-16
1.000998941039271477e-15
2.869856902142634888e-16
9.812477199185382156e-16
3.244214760173902459e-16
9.630401029229380586e-16
3.579161967804576341e-16
9.462068439545983951e-16
3.879582607200939426e-16
9.306074496642111152e-16
4.149658128674738732e-16
9.161236865691053902e-16
4.392983863313248577e-16
9.026547462039811266e-16
4.612663259921926337e-16
8.901136171761502356e-16
4.811384745217415816e-16
8.784243425873961153e-16
4.991484881722812771e-16
8.675199310521860837e-16
5.155000614924854723e-16
8.573407536529019770e-16
5.303712753724758078e-16
8.478333039531971684e-16
5.439182350582331139e-16
8.389492308192104505e-16
5.562781289606474375e-16
8.306445773945979162e-16
5.675718116571140937e-16
8.228791765587059463e-16
5.779059939980058274e-16
8.156161658046277978e-16
5.873751067831785477e-16
8.088215936974248912e-16
5.960628919659303580e-16
8.024640970852919562e-16
6.040437654965890861e-16
7.965146330440174659e-16
6.113839878408411185e-16
7.909462538434165612e-16
6.181426720424357610e-16
7.857339154834425935e-16
6.243726540847057366e-16
7.808543130627228532e-16
6.301212460442418480e-16
7.762857375290271394e-16
6.354308893593407075e-16
7.720079497622749618e-16
6.403397226228748666e-16
7.680020687747848047e-16
6.448820761179972026e-16
7.642504715696317047e-16
6.490889033264970277e-16
7.607367028241077570e-16
6.529881582447948618e-16
7.574453927874567261e-16
6.566051258395204918e-16
7.543621822647305146e-16
6.599627120327769972e-16
7.514736537713317792e-16
6.630816985707918142e-16
7.487672680225758143e-16
6.659809674433256194e-16
7.462313052413046236e-16
6.686776988079401288e-16
7.438548106822824142e-16
6.711875458360413099e-16
7.416275440566612279e-16
6.735247894310826583e-16
7.395399323967613740e-16
6.757024753271890957e-16
7.375830261895735445e-16
6.777325358078042238e-16
7.357484583953654656e-16
6.796258978952936740e-16
7.340284062077696221e-16
6.813925797200736381e-16
7.324155553366449013e-16
6.830417764041823979e-16
7.309030666155754437e-16
6.845819368328982168e-16
7.294845448070079831e-16
6.860208322618966346e-16
7.281540094180974207e-16
6.873656178212615972e-16
7.269058674383593625e-16
6.886228876576570157e-16
7.257348878329392073e-16
6.897987244916355697e-16
7.246361777055492214e-16
6.908987441979111540e-16
7.236051600073926344e-16
6.919281359592492645e-16
7.226375527018032326e-16
6.928916985002498854e-16
7.217293492920967478e-16
6.937938728122505442e-16
7.208768006050613191e-16
6.946387717571562179e-16
7.200763977861389958e-16
6.954302068780710395e-16
7.193248563772683447e-16
6.961717127081957928e-16
7.186191014623684496e-16
6.968665688353650525e-16
7.179562537676533454e-16
6.975178199704519727e-16
7.173336166703392110e-16
6.981282941918873168e-16
7.167486640523898158e-16
6.987006195728661161e-16
7.161990289539702023e-16
6.992372393390579221e-16
7.156824929540245261e-16
6.997404257025950498e-16
7.151969762390405701e-16
7.002122924964563126e-16
7.147405283182831073e-16
7.006548067252062381e-16
7.143113193342138442e-16
7.010697991373992442e-16
7.139076319212156437e-16
7.014589738962398734e-16
7.135278535940942362e-16
7.018239174448032229e-16
7.131704696129968941e-16
7.021661066327567310e-16
7.128340562969592607e-16
7.024869161664571307e-16
7.125172747575669580e-16
7.027876254450462934e-16
7.122188650232604234e-16
7.030694248393470062e-16
7.119376405244967725e-16
7.033334214590797016e-16
7.116724829262376519e-16
7.035806444455443484e-16
7.114223372665875011e-16
7.038120498482415203e-16
