# bin_5_3
1.349047085708425520e-04
1.348944111779315058e-04
1.349027665534966532e-04
1.348929849480317536e-04
1.349006979340923007e-04
1.348913505202542539e-04
1.348984841504542601e-04
1.348894977847995614e-04
1.348961059289904233e-04
1.348874149215418519e-04
1.348935431975597653e-04
1.348850884141398403e-04
1.348907750087320807e-04
1.348825030669641308e-04
1.348877794762550647e-04
1.348796420276757277e-04
1.348845337277221931e-04
1.348764868202964780e-04
1.348810138767466197e-04
1.348730173919408955e-04
1.348771950187105612e-04
1.348692121803625259e-04
1.348730512552223507e-04
1.348650482061053034e-04
1.348685557519816629e-04
1.348605011960811310e-04
1.348636808361992532e-04
1.348555457453456930e-04
1.348583981399043615e-04
1.348501555238107333e-04
1.348526787954048157e-04
1.348443035340321223e-04
1.348464936892010814e-04
1.348379624276612040e-04
1.348398137800499257e-04
1.348311048848115806e-04
1.348326104858095953e-04
1.348237040614943877e-04
1.348248561411311832e-04
1.348157341049618398e-04
1.348165245252996370e-04
1.348071707349981054e-04
1.348075914544185348e-04
1.347979918823881851e-04
1.347980354260890838e-04
1.347881783691895334e-04
1.347878382961051758e-04
1.347777146048173644e-04
1.347769859557047193e-04
1.347665892613159608e-04
1.347654689655658044e-04
1.347547958758964952e-04
1.347532830866762679e-04
1.347423333135125108e-04
1.347404296320464385e-04
1.347292060039545264e-04
1.347269155449923013e-04
1.347154238518007575e-04
1.347127530946295928e-04
1.347010017029062995e-04
1.346979590671693787e-04
1.346859582435146500e-04
1.346825533290544328e-04
1.346703142117739328e-04
1.346665566498994344e-04
1.346540898233482243e-04
1.346499877067036481e-04
1.346373013597556504e-04
1.346328592538693176e-04
1.346199569497415823e-04
1.346151735442154408e-04
1.346020516942729092e-04
1.345969172294437480e-04
1.345835624525141107e-04
1.345780561546772874e-04
1.345644428095907742e-04
1.345585306811535433e-04
1.345446189752779929e-04
1.345382523971599400e-04
1.345239875754311544e-04
1.345171032640037252e-04
1.345024164400101824e-04
1.344949383172894578e-04
1.344797494722866520e-04
1.344715929070350671e-04
1.344558164010036167e-04
1.344468950016476704e-04
1.344304475583575609e-04
1.344206822041106976e-04
1.344034927231603754e-04
1.343928218023740051e-04
1.343748415438914142e-04
1.343632305040355103e-04
1.343444413186502978e-04
1.343318888170753444e-04
1.343123064219516798e-04
1.342988439432627205e-04
1.342785131889654890e-04
1.342641954300303542e-04
1.342431755505570914e-04
1.342280606363625112e-04
1.342064010116923538e-04
1.341905229114807863e-04
1.341682338515352976e-04
1.341515738038792996e-04
1.341286014076905622e-04
1.341110693109829146e-04
1.340872865641561855e-04
1.340687246131369538e-04
1.340439496436759558e-04
1.340241659756334137e-04
1.339982101140462249e-04
1.339770381161247803e-04
1.339497709680541695e-04
1.339271324083288965e-04
1.338985337418125180e-04
1.338744695233910049e-04
1.338446300121205041e-04
1.338192648799231717e-04
1.337883136490605274e-04
1.337617519829467053e-04
1.337297335217665949e-04
1.337019371731766951e-04
1.336687146300339767e-04
1.336394566927292193e-04
1.336047358734089509e-04
1.335737028627627864e-04
1.335372032178173897e-04
1.335042054493564489e-04
1.334658626979952183e-04
1.334309727083449160e-04
1.333909617680824333e-04
1.333543933625840126e-04
1.333128742231840110e-04
1.332746527592466781e-04
1.332314627553147926e-04
1.331912520754666531e-04
1.331459556748583548e-04
1.331033514042051621e-04
1.330557019181808655e-04
1.330106965002347136e-04
1.329609000285870599e-04
1.329137891708276375e-04
1.328620373394458285e-04
1.328127506991613098e-04
1.327586670953018687e-04
1.327066532964941720e-04
1.326497542468659018e-04
1.325948336047062164e-04
1.325353011419190226e-04
1.324778413962167368e-04
1.324158907406099725e-04
1.323556957423973311e-04
1.322907409896427683e-04
1.322271800491619468e-04
1.321589569263050728e-04
1.320922679442939718e-04
1.320211933607345033e-04
1.319514473522746334e-04
1.318770068171902022e-04
1.318034577230906023e-04
1.317253037478335973e-04
1.316482384068736941e-04
1.315667852535502337e-04
1.314860401516351307e-04
1.314005183956327852e-04
1.313155010427578329e-04
1.312260766145394403e-04
1.311372317409848561e-04
1.310436868357011189e-04
1.309501759273882290e-04
1.308520943353692282e-04
1.307542997564715862e-04
1.306518421146527973e-04
1.305490470838164055e-04
1.304415855007157751e-04
1.303340598922475904e-04
1.302217571186690818e-04
1.301087643825199079e-04
1.299911197686550183e-04
1.298729847757855817e-04
1.297498180313602547e-04
1.296257533747554225e-04
1.294970332261636658e-04
1.293671532596156882e-04
1.292321828825171936e-04
1.290962213904383563e-04
1.289551125939459003e-04
1.288124639959262207e-04
1.286649325873885934e-04
1.285155885846645939e-04
1.283610510602459969e-04
1.282048344138972515e-04
1.280430699645980464e-04
1.278794925486807018e-04
1.277103598682257767e-04
1.275390090577937943e-04
1.273621984275158240e-04
1.271827868315133993e-04
1.269979017121139703e-04
1.268101477453144506e-04
1.266167991463165807e-04
1.264203773863054460e-04
1.262181957210333915e-04
1.260127463376927641e-04
1.258013646533074519e-04
1.255865091895379054e-04
1.253655516578142679e-04
1.251409002216757524e-04
1.249099785293034635e-04
1.246751314553609820e-04
1.244338446653565043e-04
1.241883924684623083e-04
1.239363277305172042e-04
1.236798509265180969e-04
1.234165842334053595e-04
1.231486533955245693e-04
1.228737502825872122e-04
1.225939263453320628e-04
1.223069425892003544e-04
1.220147773593151301e-04
1.217152597380425255e-04
1.214102965870593194e-04
1.210977837466196966e-04
1.207795584778915808e-04
1.204535819372958710e-04
1.201216238323232798e-04
1.197817091530589857e-04
1.194355422089007543e-04
1.190812103516901345e-04
1.187203547254683881e-04
1.183511236166284817e-04
1.179750972959751719e-04
1.175904836259542024e-04
1.171988043463320238e-04
1.167983256237421107e-04
1.163905130552750648e-04
1.159736899406757130e-04
1.155492681685246190e-04
1.151156271131504558e-04
1.146741274366390613e-04
1.142232036521014020e-04
1.137641677286816691e-04
1.132955085142716036e-04
1.128184918749668803e-04
1.123316603294774099e-04
1.118362362925728339e-04
1.113308154373691917e-04
1.108165794466941086e-04
1.102921767859861124e-04
1.097587511990118643e-04
1.092150037417291254e-04
1.086620430907173660e-04
1.080986228558643590e-04
1.075258196022095851e-04
1.069424396258348480e-04
1.063495304233058581e-04
1.057459512799978059e-04
1.051327237564984000e-04
1.045087606012695447e-04
1.038750606606541162e-04
1.032305907878531268e-04
1.025763304228569106e-04
1.019113013268972792e-04
1.012364669209215955e-04
1.005509048287023521e-04
9.985556590754525626e-05
9.914958473390591675e-05
9.843390310798193644e-05
9.770771376284398640e-05
9.697195297545454780e-05
9.622587292385785280e-05
9.547040789103613851e-05
9.470487083451001895e-05
9.393019752630744792e-05
9.314576303534807128e-05
9.235250800665118973e-05
9.154987088907723045e-05
9.073880041973896352e-05
8.991879955804646894e-05
8.909082810711290064e-05
8.825445443962674308e-05
8.741065205688265530e-05
8.655905531286576073e-05
8.570065358344463127e-05
8.483514731232792792e-05
8.396354333803692502e-05
8.308560769929829409e-05
8.220236554583739785e-05
8.131364725160415956e-05
8.042049621746882719e-05
7.952280494885495532e-05
7.862163394445968972e-05
7.771693450094956351e-05
7.680978177240712105e-05
7.590018116945219050e-05
7.498921856994181863e-05
7.407694728413402824e-05
7.316445829913897458e-05
7.225184488666579370e-05
7.134019567295883841e-05
7.042963407259102214e-05
6.952123689342511073e-05
6.861514589036407251e-05
6.771241454271934306e-05
6.681318913743002758e-05
6.591848629562899729e-05
6.502844111722673188e-05
6.414401798585712175e-05
6.326532343729263964e-05
6.239325273837295171e-05
6.152786528131390766e-05
6.066996941294839799e-05
5.981955830543278692e-05
5.897733550610739458e-05
5.814320939054465961e-05
5.731776190746998333e-05
5.650079987822848303e-05
5.569276941949382438e-05
5.489336250636004451e-05
5.410287955813628311e-05
5.332088981837563012e-05
5.254754457129009061e-05
5.178228999399947616e-05
5.102513341308530085e-05
5.027540732975233426e-05
4.953299100278478375e-05
4.879712430924321100e-05
4.806758672314431806e-05
4.734355952395890736e-05
4.662476390160278061e-05
4.591036973688996184e-05
4.520009408198914167e-05
4.449315429766902477e-05
4.378932753117022587e-05
4.308794541572736974e-05
4.238891442406572533e-05
4.169174866812832387e-05
4.099655022470063905e-05
4.030307592712757166e-05
3.961167608371168333e-05
3.892239070878314124e-05
3.823584470117008353e-05
3.755236896974484880e-05
3.687285038589579718e-05
3.619787401189464315e-05
3.552852727960904291e-05
3.486556129522507387e-05
3.421015093660112802e-05
3.356307610109921484e-05
3.292544273362390563e-05
3.229788869678493701e-05
3.168127469673454012e-05
3.107592346363371717e-05
3.048229309921534965e-05
2.990026110629370612e-05
2.932979418801800586e-05
2.877028847445125000e-05
2.822124726735472357e-05
2.768168366911456414e-05
2.715080961636262867e-05
2.662749610972694632e-05
2.611096323056946638e-05
2.560027782245567974e-05
2.509501830411685813e-05
2.459477519170407314e-05
2.409975359885248750e-05
2.361023725779606746e-05
2.312709541058865752e-05
2.265118549498071779e-05
2.218375723809897093e-05
2.172580646472596245e-05
2.127841492186600191e-05
2.084211685495806398e-05
2.041725814299880616e-05
2.000346897307638119e-05
1.960013410122410512e-05
1.920604120112221104e-05
1.881999338148533361e-05
1.844060696718568959e-05
1.806697678881947225e-05
1.769847194774282082e-05
1.733526287533558003e-05
1.697791816076823720e-05
1.662764136728200234e-05
1.628561036532355112e-05
1.595300049459121955e-05
1.563028703490715901e-05
1.531739119593939047e-05
1.501331902760510296e-05
1.471672996001154199e-05
1.442601616827976717e-05
1.414011979299688086e-05
1.385859638537195809e-05
1.358205305857765246e-05
1.331160804566249921e-05
1.304866169927196892e-05
1.279396038897172098e-05
1.254742775037206981e-05
1.230784894257971783e-05
1.207362439121717922e-05
1.184329185994767822e-05
1.161650824224752644e-05
1.139398964952554808e-05
1.117726155814898992e-05
1.096741897208563251e-05
1.076449528818319023e-05
1.056708696471794571e-05
1.037339719445868809e-05
1.018227426851297940e-05
9.994222394143974938e-06
9.810772984023576727e-06
9.633292019325508524e-06
9.461495277888230598e-06
9.293711447957437100e-06
9.128163791642575031e-06
8.964731376739247377e-06
8.804776307801351286e-06
8.649655862627699419e-06
8.498956307297975466e-06
8.351077613377406935e-06
8.205064574728060435e-06
8.061820121177727078e-06
7.922486140200198009e-06
7.786584934464123973e-06
7.652362224763208841e-06
7.519492344633914305e-06
7.389563985863151620e-06
7.263593882140177012e-06
7.140156838131129354e-06
7.017800284998987838e-06
6.897244752528569237e-06
6.779544456966633538e-06
6.663614273776483183e-06
6.548613126324680266e-06
6.435937156483315489e-06
6.326308184998585708e-06
6.218044544796929491e-06
6.110805212263346633e-06
6.005736423150312387e-06
5.901991015578031913e-06
5.798718547521580552e-06
5.697465308770776288e-06
5.598252083468183245e-06
5.500162372586856362e-06
5.403917158099772678e-06
5.308899954955950105e-06
5.214443930265891590e-06
5.121380874744974449e-06
5.028965536169116870e-06
4.937780060981788750e-06
4.848548227775997340e-06
4.760451412074229654e-06
4.673750810018824578e-06
4.587750241571485252e-06
4.502589556590374881e-06
4.418123974877183967e-06
4.334258486311992431e-06
4.251834552225247738e-06
4.170786043749753152e-06
4.091223005895295420e-06
4.012501321543414985e-06
3.934574092668089641e-06
3.857231906498618235e-06
3.780448663465725682e-06
3.704281099233922538e-06
3.629519348946807951e-06
3.556124806078165596e-06
3.484000894126840725e-06
3.412696468086777525e-06
3.341997327056181240e-06
3.271859962500916854e-06
3.202140197269300393e-06
3.133140486337576325e-06
3.065549297094764897e-06
2.999278976173774095e-06
2.934106283942619791e-06
2.869682652630311934e-06
2.805829578179971450e-06
2.742538362784939536e-06
2.679645597617590627e-06
2.617645748105399352e-06
2.557052688850390110e-06
2.497731690675332807e-06
2.439335300981721590e-06
2.381653105509152810e-06
2.324607668949925447e-06
2.268111776739131414e-06
2.211978521774797627e-06
2.156822699284679842e-06
2.103028070138858762e-06
2.050427043442059975e-06
1.998598546072018377e-06
1.947421979607536058e-06
1.896966522028122243e-06
1.847060495994915178e-06
1.797571447003860594e-06
1.749172781035275073e-06
1.702056059542749206e-06
1.656039511395477960e-06
1.610738853149959035e-06
1.566093075425606634e-06
1.522247009946555896e-06
1.478894062016328037e-06
1.436044860530399102e-06
1.394365041560949974e-06
1.353758567452540279e-06
1.314103884150921103e-06
1.275174146178198058e-06
1.236861189476643119e-06
1.199379667441986815e-06
1.162373508560649114e-06
1.125948675709259602e-06
1.090659596276316935e-06
1.056281946110125610e-06
1.022719651868628257e-06
9.898834994634629783e-07
9.577356863938978687e-07
9.264821024103296763e-07
8.957227815319231444e-07
8.657547364194112830e-07
8.368256249899146647e-07
8.087946182949066449e-07
7.814732901885164392e-07
7.549111675683756508e-07
7.291093621690020357e-07
7.041472346234547765e-07
6.796190801687667535e-07
6.558360039385634150e-07
6.328060228876626122e-07
6.104252681514253318e-07
5.884899508994074575e-07
5.670754652738512377e-07
5.462385590953353187e-07
5.259205618716280946e-07
5.057948631068791366e-07
4.861429234253373293e-07
4.668407630504590018e-07
4.478735165363102880e-07
4.291292981462406881e-07
4.107054884665673408e-07
3.927508283911536796e-07
3.751778350552878885e-07
3.578499795503495673e-07
3.410210094563670845e-07
3.245151752257191569e-07
3.084170464381918319e-07
2.927277326917638999e-07
2.774822355561887545e-07
2.628302393628508077e-07
2.486390523386266039e-07
2.348419451449696543e-07
2.215594037574103085e-07
2.086389619618423709e-07
1.961810833108406684e-07
1.842336843092559633e-07
1.728019549321377948e-07
1.620040460111038417e-07
1.516958178225185781e-07
1.418647331533524210e-07
1.324618473622470198e-07
1.234270155605069390e-07
1.147736861741129875e-07
1.065358189102553376e-07
9.869632061869379755e-08
9.134329139061289268e-08
8.440571049513219787e-08
7.789525057845974123e-08
7.171943315517593722e-08
6.589331507151202479e-08
6.043022936237651319e-08
5.533734829953013956e-08
5.056021563955389755e-08
4.611073381283440165e-08
4.193684446025222322e-08
3.800511129915690369e-08
3.425775026033851563e-08
3.075216637170226022e-08
2.753445634842557351e-08
2.460107207515580356e-08
2.191177473535548005e-08
1.947493571916929035e-08
1.725101200495345590e-08
1.516451127898297368e-08
1.319169489204429627e-08
1.133978649868618645e-08
9.614148393016936557e-09
8.020896267804914130e-09
6.563321685281270355e-09
5.310997091731254720e-09
4.261264955936455384e-09
3.298411467078901954e-09
2.392000001954766352e-09
1.533516032993535608e-09
7.467083582617913366e-10
3.565774960521590627e-11
-6.245801773313523930e-10
-1.187742353582450163e-09
-1.671386445683337356e-09
-2.103300018828781376e-09
-2.461226688889341829e-09
-2.741539460747000444e-09
-2.968904402989092118e-09
-3.169153921853073634e-09
-3.383909712388171657e-09
-3.593806226184121100e-09
-3.811007204328515369e-09
-3.974318290494995234e-09
-4.035076782620120455e-09
-4.020747298428842147e-09
-3.989443707227088767e-09
-3.990028306207876759e-09
-4.039056717323186646e-09
-4.064046553699639714e-09
-4.072635798254562070e-09
-4.065160166200104923e-09
-4.027835805227072087e-09
-3.938291594276569990e-09
-3.844045300803892095e-09
-3.788955821482438874e-09
-3.747163255622844085e-09
-3.674217797064089379e-09
-3.586346958490251277e-09
-3.503858324985778924e-09
-3.432569091105213125e-09
-3.354270631166407746e-09
-3.275494461034758529e-09
-3.198182571074519491e-09
-3.107033691053605454e-09
-3.008069830743949495e-09
-2.922777730016501150e-09
-2.810807376141645034e-09
-2.727753970648915662e-09
-2.679900150660006445e-09
-2.605464455473351944e-09
-2.520572893627537260e-09
-2.443670706478282015e-09
-2.369041732086772344e-09
-2.292966422453181919e-09
-2.191647301849137799e-09
-2.114234519963716468e-09
-2.057848801538583559e-09
-1.988334260156549568e-09
-1.927751503768541967e-09
-1.879028467029449541e-09
-1.840454063901068224e-09
-1.771472356459527239e-09
-1.698932133790838696e-09
-1.614612856542573008e-09
-1.548657844547361104e-09
-1.496027250344312694e-09
-1.465431307901506705e-09
-1.450640375522186902e-09
-1.423494686300289973e-09
-1.375364517804915532e-09
-1.312361019026995717e-09
-1.228214247539480907e-09
-1.164807843708786830e-09
-1.129394685505982916e-09
-1.121216776762691266e-09
-1.123784248134595151e-09
-1.106184336566611606e-09
-1.068387305016407084e-09
-1.007861076543325880e-09
-9.356384651715890786e-10
-8.845660231001686384e-10
-8.614547206333635025e-10
-8.646212393777714795e-10
-8.697800576875635832e-10
-8.597460130212857316e-10
-8.194388785048582111e-10
-7.648352947317715356e-10
-7.109073130185774657e-10
-6.723387188084007933e-10
-6.552382370309755235e-10
-6.613257971680076229e-10
-6.655552236261874743e-10
-6.517793189771726309e-10
-6.091562853649025466e-10
-5.647585250980847683e-10
-5.268596758025747585e-10
-4.966041067622978592e-10
-4.808426017936136357e-10
-4.847516968801152634e-10
-4.868320075844654410e-10
-4.642639497354393353e-10
-4.244312297797546840e-10
-3.907228517750971274e-10
-3.646582364220806952e-10
-3.380137829255916116e-10
-3.207130480730403310e-10
-3.237516424900841932e-10
-3.209381070852498073e-10
-2.953844017198123812e-10
-2.599234426274085093e-10
-2.337759605962237078e-10
-2.149562528563925813e-10
-1.910052048097056389e-10
-1.753135737565625504e-10
-1.782658730335330079e-10
-1.685478019248988633e-10
-1.465268588108259262e-10
-1.195613681541931740e-10
-1.002886705627681339e-10
-8.767830850964666166e-11
-6.796460103545322317e-11
-5.882754342264957753e-11
-6.318350116171481151e-11
-5.126349154700152863e-11
-3.774054663035799622e-11
-2.264525913370154895e-11
-1.104757207446568488e-11
-6.774885222091323272e-12
4.540499493394522969e-12
4.626226505422562884e-12
-1.686719379418825640e-12
4.066488482274655145e-12
9.080426956350571079e-12
1.282757302143658808e-11
1.485931877147250387e-11
1.217084135983471971e-11
1.554965035100492497e-11
7.342144077754399949e-12
9.794715295065334305e-13
-5.502665336030836308e-13
-2.225057530364122584e-13
-3.231952977096367970e-12
-5.865102427019972538e-12
-9.503135204438365098e-12
-8.882921534365991543e-12
-1.661610443104801423e-11
-1.941909659562897204e-11
-2.001168490268921649e-11
-1.771303053554001292e-11
-1.767730582767671965e-11
-1.725451239482476623e-11
-1.544506762576816401e-11
-1.191026954996098321e-11
-1.359458330858696952e-11
-1.062761792195433262e-11
-7.837807233193605767e-12
-3.571700292268551214e-12
-1.155589182737949751e-12
2.425490851099843943e-13
2.778325568198609808e-12
4.068573355298161915e-12
1.897462794960560320e-12
2.685990265158983891e-12
1.795697943720200835e-12
1.274989835866961203e-12
2.063874434212861599e-13
-1.976996481459621568e-12
-2.429272799060819828e-12
-3.745131132982203711e-12
-5.632449474896441265e-12
-5.044596663576054363e-12
-4.580330557530180189e-12
-3.500396693283185608e-12
-2.120082301814473286e-12
-1.320322713776542970e-12
6.106140503776193351e-13
8.575188215747689723e-13
1.067686418186035710e-12
1.160060869085492525e-12
9.389943630614612753e-13
4.195012542870391256e-14
-7.567555711702322903e-13
-1.692039079041984943e-12
-1.648902286310560202e-12
-2.143091528078108677e-12
-1.696921096855823314e-12
-9.665876314920299674e-13
2.968998911945661963e-14
5.622443942986801966e-13
7.580808833615369832e-13
5.615033583379122107e-13
2.662237397276551845e-13
-6.547477598662980593e-13
-1.021361148303616000e-12
-1.132643877189053846e-12
-7.391614257682033694e-13
-2.382082600692902976e-13
1.963211416853238640e-13
5.043338261925828211e-13
4.063640952905756632e-13
-1.721227006429189834e-13
-4.895817779665597096e-13
-6.720948388125630495e-13
-4.574700261202928328e-13
-2.239301788971846890e-14
2.248084171578166141e-13
3.117680107699710926e-13
2.120217636525812395e-14
-3.780910849256424081e-13
-4.172561840614063077e-13
-1.980350443040199156e-13
1.164938751514001102e-13
2.474667169717516951e-13
-3.754647453950035648e-15
-2.117534322342387476e-13
-2.978244585750766513e-13
-5.498953376321433337e-14
1.559544440094018735e-13
1.163078258593671651e-13
-1.498724755938981219e-13
-2.099441601789975329e-13
-5.029983152067612602e-14
1.598563232212332507e-13
2.031361147414410928e-14
-1.524026722896967203e-13
-1.191410320546948706e-13
9.290371361148186499e-14
6.317326800264593008e-14
-1.041996678351580192e-13
-1.043462106046459859e-13
8.750744295196838992e-14
2.835753065020418856e-14
-1.014052790199366906e-13
-3.397000877464652581e-14
8.784627659308554650e-14
-4.809895050518274776e-14
-6.865577938027060498e-14
5.781360090923690524e-14
3.627426340358469169e-15
-8.267204104823351289e-14
5.939909564754983743e-14
-9.323527294508563279e-15
-5.407029851883095242e-14
5.051733734050251570e-14
-2.424811969799101594e-14
-2.925191699487425675e-14
5.324859245498407969e-14
-6.478866022054481799e-14
4.531279955470888183e-14
-2.609280974691432611e-14
-6.058468762534384909e-16
1.459665483502474752e-14
-2.681487489483470694e-14
2.844456447906293585e-14
-2.928528672142314652e-14
2.546720191622365954e-14
-2.228313859278304338e-14
1.841171513235607136e-14
-1.481272526702026929e-14
1.259609174239637130e-14
-9.395812992881072453e-15
8.814991380673578187e-15
-5.886517440313506457e-15
6.539573960089974279e-15
-3.644717717985337014e-15
5.183917011983095912e-15
-2.169212760600035901e-15
4.359396557313272705e-15
-1.153294400779046142e-15
3.841607204290949168e-15
-4.215919550474381568e-16
3.505370415705273920e-15
1.261804361736741148e-16
3.280201895215697042e-15
5.491640459290155493e-16
3.125283249717890304e-15
8.837708335340850323e-16
3.016156879527732106e-15
1.153462281256348551e-15
2.937666545538106180e-15
1.374019018149730069e-15
2.880129335098366857e-15
1.556470012547996294e-15
2.837193403290919081e-15
1.708782955508872073e-15
2.804597464916810199e-15
1.836878301424686238e-15
2.779428225921784961e-15
1.945260811359692323e-15
2.759662091519342138e-15
2.037426893633688794e-15
2.743874491720674977e-15
2.116135906084533521e-15
2.731051040002795609e-15
2.183596189456689918e-15
2.720462263319678960e-15
2.241596020934095232e-15
2.711578988994778569e-15
2.291597987704719236e-15
2.704014300286494508e-15
2.334808443264782556e-15
2.697483183479448144e-15
2.372229590115683265e-15
2.691774154711818458e-15
2.404699190725832057e-15
2.686729115024821841e-15
2.432921294765686088e-15
2.682228930645675549e-15
2.457490328930914759e-15
2.678183039266496531e-15
2.478910201885899638e-15
2.674521915824020802e-15
2.497609612241827167e-15
2.671191584594038407e-15
2.513954425077773549e-15
2.668149606835170758e-15
2.528257759464844449e-15
2.665362138181646421e-15
2.540788267752903217e-15
2.662801765445076385e-15
2.551776974410236124e-15
2.660445913488432082e-15
2.561422955982122339e-15
2.658275670966395499e-15
2.569898082300374566e-15
2.656274923123093196e-15
2.577350991307621931e-15
2.654429711865279041e-15
2.583910434973257748e-15
2.652727762592684081e-15
2.589688105245348784e-15
2.651158134472593052e-15
2.594781029079839254e-15
2.649710961361228444e-15
2.599273603533043601e-15
2.648377259748659010e-15
2.603239329945932456e-15
2.647148785507959226e-15
2.606742294909831831e-15
2.646017927016987104e-15
2.609838437980778091e-15
2.644977624196487455e-15
2.612576638895123938e-15
2.644021306893505276e-15
2.614999651655354160e-15
2.643142846996505259e-15
2.617144908373424100e-15
2.642336520649898022e-15
2.619045212455523926e-15
2.641596977560141101e-15
2.620729336716564889e-15
2.640919215496520562e-15
2.622222540636860992e-15
2.640298558363640770e-15
2.623547017930432040e-15
2.639730637022291361e-15
2.624722284599457614e-15
2.639211371811769638e-15
2.625765515479815659e-15
2.638736956596513774e-15
2.626691836669014864e-15
2.638303843658181515e-15
2.627514579709898706e-15
2.637908729492088490e-15
2.628245502968901764e-15
2.637548541111760114e-15
2.628894984339733181e-15
2.637220422998168629e-15
2.629472189464610466e-15
2.636921724365820466e-15
2.629985218408428590e-15
2.636649987055918209e-15
2.630441233932060594e-15
2.636402933707602739e-15
2.630846573571037604e-15
2.636178456456230975e-15
2.631206847734433870e-15
2.635974606019040336e-15
2.631527025585769976e-15
2.635789581260090771e-15
2.631811510369726669e-15
2.635621719172182487e-15
2.632064205421540495e-15
2.635469485308908367e-15
2.632288572142730698e-15
2.635331464681523739e-15
2.632487680855126335e-15
2.635206353089184379e-15
2.632664255571302228e-15
2.635092948879467113e-15
2.632820713287145846e-15
2.634990145178428722e-15
2.632959198612507893e-15
2.634896922487187757e-15
2.633081614178755849e-15
2.634812341725408686e-15
2.633189647480381584e-15
2.634735537661817764e-15
2.633284794477067646e-15
2.634665712715182181e-15
2.633368380374467863e-15
2.634602131101216165e-15
2.633441577954249542e-15
2.634544113345819482e-15
2.633505423713628293e-15
2.634491031102925513e-15
2.633560832063891649e-15
2.634442302275165420e-15
2.633608607845379936e-15
2.634397386406021944e-15
2.633649457295636322e-15
2.634355780360174607e-15
2.633683997748432713e-15
2.634317014211995722e-15
2.633712766062688182e-15
2.634280647377219089e-15
2.633736226072917456e-15
2.634246264940747909e-15
2.633754775029513830e-15
2.634213474174950129e-15
2.633768749256941175e-15
2.634181901205340605e-15
2.633778429028844640e-15
2.634151187864300897e-15
2.633784042781681359e-15
2.634120988643889447e-15
2.633785770719509500e-15
2.634090967797232136e-15
2.633783747895631187e-15
2.634060796541001819e-15
2.633778066791895107e-15
2.634030150364088003e-15
2.633768779474386734e-15
2.633998706416620677e-15
2.633755899366186524e-15
2.633966141011849388e-15
2.633739402672715362e-15
2.633932127193045739e-15
2.633719229516944051e-15
