# bin_3_2
1.962813761102248969e-07
-1.847937762298264174e-07
1.843839485515098903e-07
-1.739930107955233367e-07
1.732308222168165727e-07
-1.638119642376981839e-07
1.627728486461908763e-07
-1.542161434051510245e-07
1.529645214522365317e-07
-1.451727052390033040e-07
1.437636800285987374e-07
-1.366504011014297816e-07
1.351312437000176495e-07
-1.286195155544154734e-07
1.270309729121438922e-07
-1.210518008242453060e-07
1.194292550743329931e-07
-1.139204078289996268e-07
1.122949126820610111e-07
-1.071998144882950858e-07
1.055990315303287425e-07
-1.008657521306037439e-07
9.931480721795710280e-08
-9.489513011777949338e-08
9.341740841950065702e-08
-8.926595946461712967e-08
8.788385519416639294e-08
-8.395727564981471287e-08
8.269291139366697248e-08
-7.894906107505476624e-08
7.782498901139982951e-08
-7.422216781769623720e-08
7.326206379392111088e-08
-6.975824116083737790e-08
6.898759997050525427e-08
-6.553964496852556518e-08
6.498648265848887772e-08
-6.154939009448939990e-08
6.124495549494414061e-08
-5.777106757965621083e-08
5.775056116444182606e-08
-5.418878887904452094e-08
5.449208130232031138e-08
-5.078713601320453601e-08
5.145947233534990205e-08
-4.755112562450570915e-08
4.864379197393264233e-08
-4.446619144277092940e-08
4.603711112929032446e-08
-4.151819094314773714e-08
4.363240448331846839e-08
-3.869344273296638495e-08
4.142341242440485110e-08
-3.597880191602280824e-08
3.940446631102497563e-08
-3.336178113758617971e-08
3.757026951165644040e-08
-3.083072430045243774e-08
3.591562717412538255e-08
-2.837503841035847838e-08
3.443512065544863527e-08
-2.598548563165075591e-08
3.312272664438812673e-08
-2.365453177472115074e-08
3.197138871777104774e-08
-2.137673850203139789e-08
3.097255931276588066e-08
-1.914917405510753092e-08
3.011574514306833612e-08
-1.697180083556951153e-08
2.938810695731934242e-08
-1.484777790265364869e-08
2.877418652833539448e-08
-1.278359432867247744e-08
2.825585556024638995e-08
-1.078892837984787374e-08
2.781260006554843923e-08
-8.876112907232030958e-09
2.742226151462256266e-08
-7.059088544547478338e-09
2.706234347144970867e-08
-5.351753841030446181e-09
2.671194643683564376e-08
-3.765689166800241509e-09
2.635430092359985057e-08
-2.307351531305444336e-09
2.597971952829976446e-08
-9.750157645879332198e-10
2.558858326491112370e-08
2.440347351447971223e-10
2.519373643332878687e-08
1.375323479687559775e-09
2.482144124884733068e-08
2.457076886078499215e-09
2.450993289105148988e-08
3.537269594419995515e-09
2.430475240258401172e-08
4.667204780836832121e-09
2.425056709663806920e-08
5.891789932899137640e-09
2.438021714490882195e-08
7.237939735625517378e-09
2.470319669958429980e-08
8.704122159310423811e-09
2.519734549407090820e-08
1.025543124327288832e-08
2.580846220441285337e-08
1.182880490696160688e-08
2.646180298140066100e-08
1.335101539062665054e-08
2.708600849002347675e-08
1.476716268206352948e-08
2.764378976481578173e-08
1.607031017714919572e-08
2.815649760980366250e-08
1.731668030520843320e-08
2.870584054405935466e-08
1.861084439438152497e-08
2.940131522793281486e-08
2.005687354422363972e-08
3.031975708036010829e-08
2.169435297975578577e-08
3.144861149913216790e-08
2.346109431599837059e-08
3.267934143551404401e-08
2.522477601660932079e-08
3.387809452981701495e-08
2.688446992322406875e-08
3.500022968638021099e-08
2.847250632441089666e-08
3.615079688152167221e-08
3.014931006769452943e-08
3.750262884429539194e-08
3.205437582771941232e-08
3.911355317476490846e-08
3.414243260340306524e-08
4.084030131096803658e-08
3.621971404088549709e-08
4.250586513103141459e-08
3.820122520737250668e-08
4.415864675807700934e-08
4.026264695187175131e-08
4.603151084173148798e-08
4.259263998184940150e-08
4.817225725097816716e-08
4.506790938622314596e-08
5.034198730611186482e-08
4.746663736714368895e-08
5.247005247156215708e-08
4.992817783292447761e-08
5.483000703238340055e-08
5.268780937545783957e-08
5.745166027434450340e-08
5.554211722438119450e-08
6.004700149734198458e-08
5.835435332057497564e-08
6.275765240566510218e-08
6.143875229334628875e-08
6.579209379633125338e-08
6.470046208501628534e-08
6.884241539248993328e-08
6.794330358738987556e-08
7.204891218118303135e-08
7.150182424893543677e-08
7.555482555892014738e-08
7.515798291652619505e-08
7.906679454141057874e-08
7.894761327152985688e-08
8.291138032651862383e-08
8.302673677589611749e-08
8.685304476226425004e-08
8.715715980188164283e-08
9.105185343900962915e-08
9.163291605461138756e-08
9.543430684570344075e-08
9.617988321031897306e-08
1.000668810761659277e-07
1.010766773433585880e-07
1.048898948289388884e-07
1.060977321401109843e-07
1.100294750202412035e-07
1.114346727767296821e-07
1.153297125549472692e-07
1.170162132562683612e-07
1.209903188029279042e-07
1.228163885517297968e-07
1.268941093014472167e-07
1.289750775350874846e-07
1.330582304281308841e-07
1.354053702495354622e-07
1.395869360098697575e-07
1.421092743200248832e-07
1.464444740257168035e-07
1.491652020022961119e-07
1.536113692726879902e-07
1.565893399799006652e-07
1.611260671987378460e-07
1.643733584817778222e-07
1.690239001187780801e-07
1.725277266700403639e-07
1.773227821021744435e-07
1.810756848569659883e-07
1.860366867808333910e-07
1.900413962076288797e-07
1.951827685376222013e-07
1.994473266822967557e-07
2.047813579331217071e-07
2.093154733736239174e-07
2.148546701390224005e-07
2.196684771808489344e-07
2.254261501453509708e-07
2.305300730730353766e-07
2.365203262654636141e-07
2.419252173816852325e-07
2.481628476358501876e-07
2.538801275885126470e-07
2.603805594628400534e-07
2.664223148483549564e-07
2.732015769093893264e-07
2.795806251437477481e-07
2.866553529924637675e-07
2.933852883640838399e-07
3.007727426319564653e-07
3.078679725062473119e-07
3.155860648884571448e-07
3.230618409092541743e-07
3.311291644417447411e-07
3.390016111527669172e-07
3.474374726269397816e-07
3.557236146409528411e-07
3.645480678828589944e-07
3.732658560153863096e-07
3.824997351485501853e-07
3.916680715310197279e-07
4.013330234941375960e-07
4.109717854027840154e-07
4.210903010255490025e-07
4.312203629596220578e-07
4.418158058432508901e-07
4.524590591953751811e-07
4.635556915391247607e-07
4.747350610040064181e-07
4.863580653670211139e-07
4.980975210275098837e-07
5.102730168137596512e-07
5.225975805954122718e-07
5.353526338103318650e-07
5.482883787175952889e-07
5.616510032484625985e-07
5.752250434658048198e-07
5.892241917872559137e-07
6.034646613387366800e-07
6.181302021317115405e-07
6.330662193421626510e-07
6.484288990236781906e-07
6.640905134912204731e-07
6.801818980829166337e-07
6.966000162581210973e-07
7.134524093551933962e-07
7.306586941030787546e-07
7.483050259392115336e-07
7.663317646400046486e-07
7.848054463603701099e-07
8.036853811617486097e-07
8.230201174157862605e-07
8.427862301860402263e-07
8.630157820202963985e-07
8.837010253570892029e-07
9.048589141337517388e-07
9.264958784670525056e-07
9.486150201555938852e-07
9.712355255521559230e-07
9.943477832620450590e-07
1.017982383018543645e-06
1.042118024092481488e-06
1.066795405641575846e-06
1.091982448062536179e-06
1.117728715171303931e-06
1.143992146542333456e-06
1.170829965365859829e-06
1.198190816414321461e-06
1.226138406817395669e-06
1.254612660433114201e-06
1.283682613316138127e-06
1.313279929790083877e-06
1.343477831226914916e-06
1.374200070931384670e-06
1.405522915109114508e-06
1.437362441769859367e-06
1.469796817491010481e-06
1.502734568979468518e-06
1.536254609441098124e-06
1.570257929333086374e-06
1.604823022784239586e-06
1.639843255608709693e-06
1.675395526200693820e-06
1.711365393313370395e-06
1.747826978046055138e-06
1.784657770521424752e-06
1.821927940823475480e-06
1.859506591880252337e-06
1.897458798278608492e-06
1.935644931765083549e-06
1.974123888484023551e-06
2.012746982948686408e-06
2.051565957078089706e-06
2.090422817661237119e-06
2.129361345162655908e-06
2.168214137963308319e-06
2.207016455694010388e-06
2.245591630159811469e-06
2.283966187194451999e-06
2.321954688294221469e-06
2.359575176679934080e-06
2.396634424204361940e-06
2.433142841171926430e-06
2.468901018681599656e-06
2.503913327123795167e-06
2.537976563066062951e-06
2.571091537126008373e-06
2.603054554690524348e-06
2.633866358505862512e-06
2.663327091448311771e-06
2.691442010743835857e-06
2.718020495918737229e-06
2.743077987940149741e-06
2.766439513641722718e-06
2.788137322370409735e-06
2.808019297462116253e-06
2.826141764246144194e-06
2.842383048880063431e-06
2.856830915903902663e-06
2.869401417054366343e-06
2.880220388622312377e-06
2.889247614332005510e-06
2.896651782529625925e-06
2.902439880712556067e-06
2.906824997182613739e-06
2.909860791063024805e-06
2.911801547805079420e-06
2.912741556414921261e-06
2.912966925834631200e-06
2.912599785333012945e-06
2.911941575112234999e-06
2.911122200138331515e-06
2.910434852475991773e-06
2.909990612832913672e-06
2.910045349715022603e-06
2.910660761654528404e-06
2.912024487848315166e-06
2.914119142194598999e-06
2.917037347081185393e-06
2.920660768866941010e-06
2.924972145906312566e-06
2.929746444809901145e-06
2.934861811135927310e-06
2.940004422387234203e-06
2.944979347021124907e-06
2.949429217368646612e-06
2.953144072227768364e-06
2.955791587425978176e-06
2.957222281874977486e-06
2.957206173610087428e-06
2.955727012334223609e-06
2.952717977718591842e-06
2.948337290830932716e-06
2.942695617137020168e-06
2.936107284930834462e-06
2.928806046506079246e-06
2.921172393295847218e-06
2.913442630645806485e-06
2.905922550337099475e-06
2.898704907509842255e-06
2.891888696073749754e-06
2.885326027184225223e-06
2.878867096267667650e-06
2.872151445631499644e-06
2.864884835779817949e-06
2.856668387593482841e-06
2.847286538641422809e-06
2.836539040115360407e-06
2.824495122925301869e-06
2.811280741328663606e-06
2.797259642105536302e-06
2.782756218108174217e-06
2.768174159789409710e-06
2.753700349643204941e-06
2.739437931482281115e-06
2.725184440432915641e-06
2.710664925722198793e-06
2.695432502073558048e-06
2.679187160249616499e-06
2.661710565968180219e-06
2.643122807425990642e-06
2.623685146471203666e-06
2.603872134224502795e-06
2.584024875853772658e-06
2.564360198662633238e-06
2.544713413326367532e-06
2.524756295692600118e-06
2.504006398887001252e-06
2.482222186287604469e-06
2.459405423680123826e-06
2.435956144472012284e-06
2.412319086452083676e-06
2.388849198796722005e-06
2.365452741170198181e-06
2.341769989541511602e-06
2.317305852390698477e-06
2.291926793275979133e-06
2.265872645497808423e-06
2.239706893930575213e-06
2.213754656856912881e-06
2.187934265599421862e-06
2.161727221790655228e-06
2.134776481676719611e-06
2.107151157147569743e-06
2.079386895085966168e-06
2.051835933964559827e-06
2.024397356545308575e-06
1.996599770798272527e-06
1.968314294501272656e-06
1.939854724045351765e-06
1.911616504215434980e-06
1.883422755790265542e-06
1.854871037274084710e-06
1.825941120818547273e-06
1.797185845593404525e-06
1.768833109418547189e-06
1.740507756528013948e-06
1.711851331222480433e-06
1.683208048547715018e-06
1.654859570118372972e-06
1.626531292539320934e-06
1.598025647489944776e-06
1.569844030706809648e-06
1.542144383566681752e-06
1.514478606616707714e-06
1.486787620652152567e-06
1.459471791788115047e-06
1.432281512042858905e-06
1.405079726386249821e-06
1.378314218891591870e-06
1.351987937272049518e-06
1.325830590095058991e-06
1.300111825458230070e-06
1.274641682404004273e-06
1.249307835166179384e-06
1.224348467856424663e-06
1.199599764722323558e-06
1.175241930705316123e-06
1.151478027967790545e-06
1.128047346864430422e-06
1.105068667117488939e-06
1.082323011019714411e-06
1.059913245136119344e-06
1.037803327485328002e-06
1.016013932843889846e-06
9.947570168876859993e-07
9.740236044132900134e-07
9.538022908358162455e-07
9.339237093495258118e-07
9.143784764581562466e-07
8.951394350512169281e-07
8.762016308455857462e-07
8.576335222537296741e-07
8.396254685114094095e-07
8.221573039036223271e-07
8.051616941777239191e-07
7.885188795389249568e-07
7.721541645118632338e-07
7.560844922156641379e-07
7.402847829414673712e-07
7.248719368204915803e-07
7.100188125242446056e-07
6.956765364272452986e-07
6.817426534465828788e-07
6.681062588817306428e-07
6.547008425313870093e-07
6.415444165993066120e-07
6.286079042181162603e-07
6.160698596015999114e-07
6.040450841141994375e-07
5.924765260676171776e-07
5.812160700865546942e-07
5.701906625488189757e-07
5.593533515080942706e-07
5.487009494280954126e-07
5.382118696058399484e-07
5.281041317053469146e-07
5.184642623504224541e-07
5.092138352012705196e-07
5.001757985339842607e-07
4.912930235944864293e-07
4.825552419842076000e-07
4.739331145161840778e-07
4.654295259550535007e-07
4.572862972842272008e-07
4.495418952613963057e-07
4.421076057989826480e-07
4.348092359071012331e-07
4.276070810936791455e-07
4.205138185293415185e-07
4.134646839460186916e-07
4.065142671386396252e-07
3.999077265090925253e-07
3.936016569494433094e-07
3.875209016035800126e-07
3.815319702624533722e-07
3.755863116982768115e-07
3.697231157303377756e-07
3.638625020107745773e-07
3.580933203115213789e-07
3.526323509950068534e-07
3.473853215362708624e-07
3.422771890298813494e-07
3.372195210675144097e-07
3.321914522741405574e-07
3.272302578499987588e-07
3.222375735649585246e-07
3.173592633105019009e-07
3.127184026334736906e-07
3.082317905766884948e-07
3.038000771534088588e-07
2.994071266721378054e-07
2.950621346218032950e-07
2.907678510246676001e-07
2.864210977879536189e-07
2.821944203744773494e-07
2.781445077508684681e-07
2.742026037821074214e-07
2.702663387086475116e-07
2.663547442848832293e-07
2.625117437241518221e-07
2.586963996248455848e-07
2.548246656789885815e-07
2.510667650798229047e-07
2.474129911778633271e-07
2.438211214753879893e-07
2.402149284166469711e-07
2.366243232207746863e-07
2.331083980232122098e-07
2.295828199986220964e-07
2.260097976178837493e-07
2.225330300725607610e-07
2.190730586658823164e-07
2.156282135740211609e-07
2.121674734009498667e-07
2.086946910439257731e-07
2.052813224044033873e-07
2.018311827494945897e-07
1.983412202141806647e-07
1.949127253854433764e-07
1.914637350412574839e-07
1.880185932008970678e-07
1.845853287127076899e-07
1.811721612003120996e-07
1.778465362697238268e-07
1.745147938873136138e-07
1.712211658418134357e-07
1.679881030713531405e-07
1.647898205012647981e-07
1.616300274308792189e-07
1.585423720958090256e-07
1.555275957975817623e-07
1.526239573951397385e-07
1.497505304941661330e-07
1.469516267398298348e-07
1.442005514080048596e-07
1.415025796418869422e-07
1.388515825568870760e-07
1.362748395174063892e-07
1.337702756750296503e-07
1.313475956951358846e-07
1.289490796320925077e-07
1.265961671687625544e-07
1.242447356483706373e-07
1.219141822027723959e-07
1.196043343694422451e-07
1.173312400983162564e-07
1.150985492473578759e-07
1.129093717370547895e-07
1.107367702872207267e-07
1.085873335838951693e-07
1.064289734136453247e-07
1.042852554802067036e-07
1.021576098291975486e-07
1.000451754754956494e-07
9.794889777000473327e-08
9.586985632095193206e-08
9.379375297137878649e-08
9.171405721359601197e-08
8.962654747616503432e-08
8.755679525422850051e-08
8.551267496766072390e-08
8.349174098176124084e-08
8.149132627880040784e-08
7.951271765942134119e-08
7.754286434298932058e-08
7.556548454831900699e-08
7.358924317533516438e-08
7.162840334125445092e-08
6.968783772210144998e-08
6.776958350089047178e-08
6.588333889224010509e-08
6.404345843430843460e-08
6.223015754807985090e-08
6.042587647454696756e-08
5.863350715871271162e-08
5.686361379339916967e-08
5.511745007870090923e-08
5.339401876686870422e-08
5.170081658401362158e-08
5.005402243251991750e-08
4.843731230740624186e-08
4.685182848716575167e-08
4.530099682284563211e-08
4.379027530760711731e-08
4.230946393972612235e-08
4.084733568298982270e-08
3.940811106067464113e-08
3.800216754847133852e-08
3.662574531680161956e-08
3.530332800058054236e-08
3.403126305014697422e-08
3.279974689092871019e-08
3.159446726147096926e-08
3.040191269952488746e-08
2.923407320329224081e-08
2.810501041185695501e-08
2.700741907147261308e-08
2.595446612653117296e-08
2.494198502626463330e-08
2.396595743593489367e-08
2.301422135663887920e-08
2.207915968706928270e-08
2.117768255474800348e-08
2.031247503161326744e-08
1.947709314227410865e-08
1.866796272894682339e-08
1.788622758696100832e-08
1.713206059189915584e-08
1.640587041078634239e-08
1.570517562737501338e-08
1.503321431597219274e-08
1.438555344244171458e-08
1.376529385381680958e-08
1.316803788934660989e-08
1.258302134101737633e-08
1.201879093409393256e-08
1.148542078808144414e-08
1.097462722135380411e-08
1.048104806385843272e-08
1.000569790744498952e-08
9.557403100820029074e-09
9.128806715182401992e-09
8.707916137874895276e-09
8.303502157046416197e-09
7.920486592081944660e-09
7.550223968335299549e-09
7.191283067033916680e-09
6.853238394666635655e-09
6.535149012363802246e-09
6.234229842534164172e-09
5.945200276284253518e-09
5.662590923132594965e-09
5.390050943038970233e-09
5.123972660730048410e-09
4.866841809313304967e-09
4.632661189579517349e-09
4.410882344335257369e-09
4.206444631124207471e-09
4.012402911065653326e-09
3.816871128479613230e-09
3.624556535605028970e-09
3.435027740839794435e-09
3.256406591754786986e-09
3.094611216817890761e-09
2.946275980932601643e-09
2.809844604726501031e-09
2.678908201537380982e-09
2.544379030316103636e-09
2.410114724539956389e-09
2.276673560885559603e-09
2.154777057430382464e-09
2.045005931074777709e-09
1.948519620733746190e-09
1.856315442155129555e-09
1.766516914248559999e-09
1.674670264350692387e-09
1.581767584973086132e-09
1.488769201125018337e-09
1.404589185351683070e-09
1.332555798547478395e-09
1.269674183337335278e-09
1.206511510420895871e-09
1.143788050496308405e-09
1.081184369391658094e-09
1.016861687275059464e-09
9.514392038045224406e-10
8.937364642471506927e-10
8.463346964308882909e-10
8.037945848182333946e-10
7.592866549808044052e-10
7.148729429090089258e-10
6.720480862502369878e-10
6.265242474269423465e-10
5.797045057839683694e-10
5.415378318928597548e-10
5.090578650814730507e-10
4.789113497342501024e-10
4.474509578589876651e-10
4.157222696258169063e-10
3.863351709385171302e-10
3.540133909647971061e-10
3.213800272441924301e-10
2.970952380635256013e-10
2.753179797272793624e-10
2.545393183644236870e-10
2.332490047944998594e-10
2.124468015187437114e-10
1.942936788090191116e-10
1.728609576269383984e-10
1.537406002086511536e-10
1.402970878048889236e-10
1.288818470937993202e-10
1.172538073459454559e-10
1.061221221238596869e-10
9.647348554627526525e-11
8.888301327240334072e-11
7.821567637069662368e-11
7.099523061312192163e-11
6.687927604189631176e-11
6.449200137462299086e-11
6.121785962028969514e-11
5.799942231421723723e-11
5.624641749410877720e-11
5.484280611871354854e-11
5.067500533307962668e-11
4.931833332665100468e-11
4.833552057382170176e-11
4.785441496369553154e-11
4.602734165959875588e-11
4.332814018186138290e-11
4.151718255919653555e-11
3.851622754084611072e-11
3.367989037401543454e-11
3.107843830111479796e-11
2.784152002726591781e-11
2.505579216852258152e-11
2.217797613817424244e-11
1.887420402353324842e-11
1.716368408410162677e-11
1.495228914011548149e-11
1.277241645434254694e-11
1.255546079521605097e-11
1.236455670201097471e-11
1.253157670942613820e-11
1.278875423274322077e-11
1.253852234343093983e-11
1.297222656869922956e-11
1.199397242597546427e-11
1.105875073393875798e-11
1.012126447832389139e-11
9.075816953848081218e-12
7.626521233580589660e-12
6.430661733682923545e-12
5.303468224797024907e-12
5.038205153979146504e-12
4.374097591977669951e-12
4.517935571240852567e-12
4.821907794848676534e-12
5.265144668815005156e-12
5.207448178505827460e-12
4.889211212581417734e-12
4.280344983596356537e-12
3.670989826089296490e-12
2.638216266475088634e-12
2.223763338027815665e-12
2.041848081515485528e-12
2.288877420646230130e-12
2.518108943910809542e-12
2.659191285012127522e-12
2.641577069986516940e-12
2.319227839706639961e-12
1.640777724198767839e-12
1.307203842014407580e-12
1.102195788910334948e-12
1.250839023522772548e-12
1.489500430431388776e-12
1.555969100859343487e-12
1.468032046710084123e-12
1.111437593647847013e-12
7.104880658170724378e-13
6.761661847487217095e-13
8.114482061460424360e-13
1.002414073297616353e-12
9.909530814310635906e-13
7.080513346825590803e-13
4.977346960780270559e-13
4.201808723457812642e-13
5.804052503629529912e-13
7.022352113092968410e-13
5.927716342904538433e-13
3.442737556544378386e-13
2.798226183851819573e-13
4.000011515198347877e-13
5.239200016020606842e-13
3.628807243749674851e-13
2.006121990032582148e-13
2.305443704022755958e-13
3.745906043013844371e-13
3.144035802945769592e-13
1.552687303178283153e-13
1.593152696996687158e-13
2.943646767033694979e-13
2.169832240204869328e-13
1.009373260624561993e-13
1.568308741672406888e-13
2.314282087821098956e-13
1.066134560551420547e-13
8.676088634886520847e-14
1.818954766263590111e-13
1.169546568904426793e-13
4.793302978065556653e-14
1.552864585458588104e-13
8.545114650572394631e-14
4.723407703817886322e-14
1.276363835623358239e-13
5.277777289919831890e-14
5.315445556080942053e-14
1.074968235573255156e-13
9.776038243524806159e-15
9.585923262357626361e-14
3.019636941007623132e-14
5.102931759226727096e-14
5.654879051265088297e-14
2.140615220912269887e-14
6.274462694272039263e-14
1.219790494346082071e-14
5.555881182114921385e-14
1.215269095332806896e-14
4.524999123342790323e-14
1.360560967451824331e-14
3.632536068426617608e-14
1.416323929496702985e-14
2.952832036315962231e-14
1.373843397582739710e-14
2.442962098074114920e-14
1.273689827683823865e-14
2.051044781848623333e-14
1.149395456991517980e-14
1.740200690184929379e-14
1.020556367084150184e-14
1.487130598056378843e-14
8.970479587278182815e-15
1.277177111213995743e-14
7.832664443402490940e-15
1.100730862527615933e-14
6.807546589155636984e-15
9.511352523769035179e-15
5.896272990114065457e-15
8.235307971351891910e-15
5.093135405233649363e-15
7.142134383580795011e-15
4.389408733643456542e-15
6.202652772700941624e-15
3.775335346769285222e-15
5.393314110129459292e-15
3.241144001541672953e-15
4.694777001743207359e-15
2.777558016572617957e-15
4.090953033529079099e-15
2.376029166556572675e-15
3.568335192959669640e-15
2.028823082025775811e-15
3.115505868840257686e-15
1.729024633618404190e-15
2.722764038939756107e-15
1.470501330965591868e-15
2.381834944072783333e-15
1.247846158569000060e-15
2.085639029939655969e-15
1.056311991195413229e-15
1.828104885774637914e-15
8.917444342317659941e-16
1.604015762621335242e-15
7.505168628162991921e-16
1.408882318900577873e-15
6.294696302457191461e-16
1.238836243703636393e-15
5.258543552888429589e-16
1.090540757001662592e-15
4.372835748165200008e-16
9.611149241333470091e-16
3.616856896231633181e-16
8.480693911766571407e-16
2.972649329368562518e-16
7.492516391864721019e-16
2.424659895969832459e-16
6.627992233849501629e-16
1.959428515201897552e-16
5.870997465492406395e-16
1.565314880254052553e-16
5.207565351409276718e-16
1.232259233239310748e-16
4.625591622133837780e-16
9.515733796519702044e-17
4.114581011193760046e-16
7.157584173229945596e-17
3.665429081297871089e-16
5.183459791269250902e-17
3.270234255985089281e-16
3.537601109004863833e-17
2.922135750807361829e-16
2.171972190356033234e-17
2.615173737738011533e-16
1.045218082288860013e-17
2.344168623321457761e-16
1.217599977087121873e-18
2.104616770602999665e-16
-6.289894360564410302e-18
1.892600382355529994e-16
-1.233306383842512741e-17
1.704709589261986525e-16
-1.713745105317052920e-17
1.537975061884677004e-16
-2.089648248331405088e-17
1.389809703880249909e-16
-2.377588536354822408e-17
1.257958185512706602e-16
-2.591750912622552677e-17
1.140453247421927156e-16
-2.744263031414977297e-17
1.035577855492367434e-16
-2.845480973458285686e-17
9.418324126530152726e-17
-2.904236156469030274e-17
8.579063428494927832e-17
-2.928048620493862275e-17
7.826534578994848578e-17
-2.923311216475281659e-17
7.150705960971419960e-17
-2.895448585390043525e-17
6.542790929050418836e-17
-2.849054342432484206e-17
5.995087036424970334e-17
-2.788009391516764535e-17
5.500836486797706871e-17
-2.715583932858236182e-17
5.054104976630525046e-17
-2.634525365845461189e-17
4.649676467258484118e-17
-2.547134008952246844e-17
4.282961760116789093e-17
-2.455328283482463128e-17
3.949919040996987111e-17
-2.360700808862582330e-17
3.646984793449542898e-17
-2.264566639165339185e-17
3.371013714490900229e-17
-2.168004728165057617e-17
3.119226430260781273e-17
-2.071893538156681351e-17
2.889163986011059323e-17
-1.976941609058047930e-17
2.678648210870583496e-17
-1.883713774643225730e-17
2.485747187001244937e-17
-1.792653630493843715e-17
2.308745146695274739e-17
-1.704102769428949079e-17
2.146116220602725360e-17
-1.618317237419030333e-17
1.996501529356643387e-17
-1.535481591202179377e-17
1.858689180691225893e-17
-1.455720898773102361e-17
1.731596796731960311e-17
-1.379110964322289092e-17
1.614256237629043198e-17
-1.305687033154069655e-17
1.505800238998463602e-17
-1.235451185777880686e-17
1.405450714921568093e-17
-1.168378611368106881e-17
1.312508509883816621e-17
-1.104422916387093234e-17
1.226344417083210985e-17
-1.043520608881573687e-17
1.146391294123596633e-17
-9.855948747850621122e-18
1.072137142474386050e-17
-9.305587503926778507e-18
1.003119023238225689e-17
-8.783177772949109348e-18
9.389177051194485595e-18
-8.287722157564075319e-18
8.791529512926715470e-18
-7.818188824775979827e-18
8.234793647434435815e-18
-7.373526679948917938e-18
7.715827224548265307e-18
-6.952677801063428300e-18
7.231767370151496644e-18
-6.554587582190346611e-18
6.780001926919478079e-18
-6.178212897895454853e-18
6.358144100548872136e-18
-5.822528624280517750e-18
5.964009981667562561e-18
-5.486532753399035086e-18
5.595598605517016698e-18
-5.169250334288637490e-18
5.251074220727515350e-18
-4.869736427722434821e-18
4.928750527646455311e-18
-4.587078232189094884e-18
4.627076629781351299e-18
-4.320396523681496443e-18
4.344624513184305067e-18
-4.068846521075583014e-18
4.080077854929082261e-18
-3.831618281463561243e-18
