# bin_4_1
1.234900585559681551e-07
-1.158504621783718146e-07
1.159687119309592033e-07
-1.090791435066506889e-07
1.089223204879370850e-07
-1.026970313493197256e-07
1.023189568547930036e-07
-9.668255428835554835e-08
9.612909738323312972e-08
-9.101516905694917726e-08
9.032541942678864898e-08
-8.567533123934639191e-08
8.488261928505420874e-08
-8.064446200518268927e-08
7.977724848049063597e-08
-7.590491193936559859e-08
7.498756663692033349e-08
-7.143992257686765092e-08
7.049340906452037498e-08
-6.723358614539099395e-08
6.627606769640168568e-08
-6.327080420213864407e-08
6.231818408107457415e-08
-5.953724540586453964e-08
5.860365319431304908e-08
-5.601930274287952997e-08
5.511753703389442599e-08
-5.270405062924987365e-08
5.184598708660492240e-08
-4.957920202415502549e-08
4.877617469233080545e-08
-4.663306587987520945e-08
4.589622854756889837e-08
-4.385450529723840202e-08
4.319517824965838970e-08
-4.123289669184154527e-08
4.066290318796640191e-08
-3.875809054367441448e-08
3.829008558732085140e-08
-3.642037430397896018e-08
3.606816659774172342e-08
-3.421043845643329291e-08
3.398930400614664524e-08
-3.211934663212911700e-08
3.204633009164826397e-08
-3.013851132931313766e-08
3.023270755413899214e-08
-2.825967693070614293e-08
2.854248148961525170e-08
-2.647491202856875594e-08
2.697022471293104961e-08
-2.477661355527015877e-08
2.551097371297596158e-08
-2.315752532099141918e-08
2.416015221452811869e-08
-2.161077376635629614e-08
2.291347935812741137e-08
-2.012992353900301447e-08
2.176685993716947892e-08
-1.870905486135562554e-08
2.071625505968041969e-08
-1.734286343563324141e-08
1.975753317640166281e-08
-1.602678155546595740e-08
1.888630422555711702e-08
-1.475711571435158682e-08
1.809774341168780919e-08
-1.353119153311798936e-08
1.738641666383969344e-08
-1.234749064328873930e-08
1.674612639819901981e-08
-1.120575689880837667e-08
1.616980422565260687e-08
-1.010704103601366769e-08
1.564948533167124768e-08
-9.053645189708944027e-09
1.517640618333240345e-08
-8.048923394585993913e-09
1.474127004722414929e-08
-7.096894476449972821e-09
1.433472037454456140e-08
-6.201633866345941525e-09
1.394804513051487449e-08
-5.366435587737927304e-09
1.357410136033042842e-08
-4.592779714302388966e-09
1.320839458943751232e-08
-3.879206014656976078e-09
1.285017224437139037e-08
-3.220277904976909711e-09
1.250330190273237259e-08
-2.605909452847492311e-09
1.217662325939377931e-08
-2.021394851563677499e-09
1.188342177305358079e-08
-1.448482305797658306e-09
1.163972161086108255e-08
-8.677185939210017499e-10
1.146129008163229305e-08
-2.620071671051917133e-10
1.135962235961047225e-08
3.791429372670356454e-10
1.133771391966226527e-08
1.055780988529578011e-09
1.138700309102600255e-08
1.755697001853734833e-09
1.148721060956738093e-08
2.456316811108087539e-09
1.161053154697289874e-08
3.131277107488765806e-09
1.173038476936242131e-08
3.760856194933310512e-09
1.183265050811011572e-08
4.342838515113590892e-09
1.192468531928675477e-08
4.898108139578537562e-09
1.203598356792799323e-08
5.465263862049089368e-09
1.220628544720696783e-08
6.082762281231123114e-09
1.246345804361497475e-08
6.765490084002199984e-09
1.280270314108923100e-08
7.491073345822443529e-09
1.318408771885997171e-08
8.211400902756847680e-09
1.355835719177346324e-08
8.889753785558299808e-09
1.390884989200486674e-08
9.538121239778410601e-09
1.427369547462945229e-08
1.021539578059050431e-08
1.471592165451426695e-08
1.097289612010131112e-08
1.525657588138384474e-08
1.179437189285915891e-08
1.584312992043658399e-08
1.260916106727545848e-08
1.641061601357630416e-08
1.338627884364699012e-08
1.697648050646146370e-08
1.419010602121606673e-08
1.762574658826505046e-08
1.508988611302434575e-08
1.837585441275148725e-08
1.604077209273244373e-08
1.913931894673420999e-08
1.696174319406966175e-08
1.989008522173591309e-08
1.790383612249452005e-08
2.072807344029208241e-08
1.895330443194708718e-08
2.166417674331347946e-08
2.003595145511109949e-08
2.259294619781511352e-08
2.110181280821838268e-08
2.356601031076893108e-08
2.226593268583064994e-08
2.465960583532328282e-08
2.349382201500924315e-08
2.576105925240937005e-08
2.471378230172907274e-08
2.692154120938383842e-08
2.604828104051709605e-08
2.819344944774657628e-08
2.741773457822782129e-08
2.946940847001240346e-08
2.883528361888820362e-08
3.086879013907419657e-08
3.035814898368450839e-08
3.230544783256541009e-08
3.189927758518296096e-08
3.383783608427629316e-08
3.356632157270196863e-08
3.543909054353488750e-08
3.525910984325570634e-08
3.713345340126126645e-08
3.707964006228719269e-08
3.889911309853653661e-08
3.894549436475908944e-08
4.078215250543160354e-08
4.092686130869760257e-08
4.272555732070462957e-08
4.299773572577387825e-08
4.480235694010800536e-08
4.514872627533956873e-08
4.696968328538679206e-08
4.743106832704917986e-08
4.923382163404020147e-08
4.981305812816187127e-08
5.163290271732606251e-08
5.229552201765164423e-08
5.415385946177161268e-08
5.490722185354950678e-08
5.678958845348432923e-08
5.765416082063452292e-08
5.955417197563557407e-08
6.053337912662692759e-08
6.246055651225624763e-08
6.354879359696981493e-08
6.551532311688114506e-08
6.670899231554968643e-08
6.872361678842247320e-08
7.002290193874926711e-08
7.209175053900699499e-08
7.349882998910111521e-08
7.562720363758815730e-08
7.714491437709181472e-08
7.933814932833355820e-08
8.096953055387225563e-08
8.323321546418755531e-08
8.498145641404389063e-08
8.732143103598391169e-08
8.918991909584985515e-08
9.161223999931828120e-08
9.360460978681190358e-08
9.611552891487446988e-08
9.823569587941876135e-08
1.008416541052449020e-07
1.030938362893942829e-07
1.058014666336947477e-07
1.081901996767804484e-07
1.110063358898737089e-07
1.135364845491564212e-07
1.164681725261443847e-07
1.191449404791619655e-07
1.221994511303778154e-07
1.250283899409296013e-07
1.282132327515421379e-07
1.312002504036224131e-07
1.345231872244281388e-07
1.376745563737404743e-07
1.411436151248602164e-07
1.444659810658799217e-07
1.480894690933506317e-07
1.515898573436061482e-07
1.553763741781681473e-07
1.590621975024718277e-07
1.630206467501358993e-07
1.668997113816104743e-07
1.710393114360126353e-07
1.751198221774413441e-07
1.794501153886740140e-07
1.837406792021835130e-07
1.882715390626470352e-07
1.927811666664492593e-07
1.975228024864653527e-07
2.022609073740692781e-07
2.072238658113289103e-07
2.122002599896361262e-07
2.173954226686879807e-07
2.226203082686429809e-07
2.280588845738683359e-07
2.335428403223758337e-07
2.392363542702777572e-07
2.449903156176515050e-07
2.509505855036843950e-07
2.569858169756130681e-07
2.632249262485513090e-07
2.695529843299281738e-07
2.760832418658467389e-07
2.827159264222053442e-07
2.895498140463090472e-07
2.964991059460589577e-07
3.036492106859165759e-07
3.109271928952820852e-07
3.184061210342447625e-07
3.260248800224520617e-07
3.338451495635308813e-07
3.418166533733839367e-07
3.499905610200181375e-07
3.583265098363868503e-07
3.668659680557670485e-07
3.755776125493523751e-07
3.844939517179887576e-07
3.935918738704401046e-07
4.028956039300502486e-07
4.123894544834375234e-07
4.220899799893709243e-07
4.319881661455022709e-07
4.420934481138335758e-07
4.524027646912839390e-07
4.629189223080846492e-07
4.736441193195754833e-07
4.845749644536497880e-07
4.957182440960758542e-07
5.070647417706499329e-07
5.186251782577832120e-07
5.303848269396646276e-07
5.423577036259886614e-07
5.545238305797713827e-07
5.668998906443121801e-07
5.794608599177606429e-07
5.922254697700106315e-07
6.051638039270330173e-07
6.182960327931851339e-07
6.315874546474527499e-07
6.450590798756289662e-07
6.586714876099188342e-07
6.724459435281915513e-07
6.863383421550931730e-07
7.003696412755157688e-07
7.144910658531643933e-07
7.287227352736248862e-07
7.430112170358918051e-07
7.573753103924527614e-07
7.717569562489052828e-07
7.861732226643530797e-07
8.005615013675864732e-07
8.149368173236947639e-07
8.292321715334462708e-07
8.434603686913491072e-07
8.575503000256179580e-07
8.715125501033154000e-07
8.852723518711384366e-07
8.988382959209540184e-07
9.121326319886293447e-07
9.251624613497709671e-07
9.378480040861896351e-07
9.501957074428455701e-07
9.621250453008794160e-07
9.736430218284759133e-07
9.846700177928372887e-07
9.952152090673704847e-07
1.005201922569274021e-06
1.014643522457564554e-06
1.023468685512883360e-06
1.031697333569944297e-06
1.039266183197583550e-06
1.046204320794180882e-06
1.052459324166107527e-06
1.058072087261576213e-06
1.063003752397620222e-06
1.067309396600295769e-06
1.070965955147233231e-06
1.074044384661013576e-06
1.076538705985294444e-06
1.078536266893896927e-06
1.080047992650216645e-06
1.081176392797771879e-06
1.081947091602379980e-06
1.082474270937311263e-06
1.082793572846004236e-06
1.083024757199295593e-06
1.083206137140105588e-06
1.083454366660405688e-06
1.083800693777943199e-06
1.084347981488046223e-06
1.085109237542903801e-06
1.086162197101676838e-06
1.087490784165362210e-06
1.089137803556890382e-06
1.091050148857005093e-06
1.093230289780440745e-06
1.095586073292484210e-06
1.098081645592734527e-06
1.100592485291889299e-06
1.103056057833168099e-06
1.105332178300918696e-06
1.107352999138142444e-06
1.108987917297927528e-06
1.110191511315336594e-06
1.110871148477632749e-06
1.111030495969599898e-06
1.110637154539051659e-06
1.109758895683471330e-06
1.108428665676839419e-06
1.106771400611408445e-06
1.104865213781474204e-06
1.102858952369882586e-06
1.100831434391007566e-06
1.098903510154860070e-06
1.097100937613317877e-06
1.095468016102403906e-06
1.093941852437478762e-06
1.092474937070055716e-06
1.090926323125843147e-06
1.089195397599859433e-06
1.087127571073695146e-06
1.084651538000174841e-06
1.081686565208324180e-06
1.078266676984119664e-06
1.074431994039680582e-06
1.070325334169872819e-06
1.066060357779617095e-06
1.061794497827209823e-06
1.057590652675990332e-06
1.053494765445673922e-06
1.049425454219977707e-06
1.045287881914857788e-06
1.040909219412024719e-06
1.036183683026332267e-06
1.031021513225588762e-06
1.025470848993569742e-06
1.019618929112137527e-06
1.013645436686251683e-06
1.007669092185059558e-06
1.001776769486217234e-06
9.959030169361433537e-07
9.899347985790578336e-07
9.836893291451561855e-07
9.770834466473409247e-07
9.701100414682744747e-07
9.629193500933078993e-07
9.556659062647759405e-07
9.484832199395340379e-07
9.413291140164339625e-07
9.340755991505660161e-07
9.265337366320169411e-07
9.186578387557782110e-07
9.105274962872769519e-07
9.023513622429900299e-07
8.942401228980987751e-07
8.861666770266622841e-07
8.779344583999064349e-07
8.694170446596932771e-07
8.606336144744523020e-07
8.517826533957025685e-07
8.429834494417177421e-07
8.341979701758356094e-07
8.252439226864676176e-07
8.160766431915450507e-07
8.068063300085242594e-07
7.975818792553937867e-07
7.883309397499161039e-07
7.789056544435776439e-07
7.692900091744302969e-07
7.596887086110690701e-07
7.501794431957449756e-07
7.406261909144462664e-07
7.308900312360095399e-07
7.210994177724915808e-07
7.113535976992854127e-07
7.015549862092151924e-07
6.916232865520004170e-07
6.817412989184175610e-07
6.719614574031127546e-07
6.621254177180169770e-07
6.522097904185210117e-07
6.423636879681438060e-07
6.324893964284986689e-07
6.225391807680998573e-07
6.126730769328931111e-07
6.028947329489272326e-07
5.931032274139805139e-07
5.834033876997900343e-07
5.737219857663364681e-07
5.640216722113425233e-07
5.543903686573430303e-07
5.447715429014418528e-07
5.352251811804775729e-07
5.258292404604169215e-07
5.164881780394491264e-07
5.072532895361130519e-07
4.980468043624842458e-07
4.889106591030426269e-07
4.798295167347739441e-07
4.708158570913794325e-07
4.619423030431504611e-07
4.532086681317368161e-07
4.446135348158555873e-07
4.361046435180265059e-07
4.276807070641364869e-07
4.193376544813280156e-07
4.110743915360661695e-07
4.029149586483623074e-07
3.949243204561390403e-07
3.871003416057539561e-07
3.794214864651458494e-07
3.718535851575358122e-07
3.643755958437866867e-07
3.569981942320413346e-07
3.497101068256870686e-07
3.425532417814665200e-07
3.355829160147281901e-07
3.287871025936838483e-07
3.221330640260634525e-07
3.155919884870186337e-07
3.091442387563908350e-07
3.028005350777833731e-07
2.965475238113370794e-07
2.904441651846850187e-07
2.845265536536855643e-07
2.787781141086093702e-07
2.731527758102883291e-07
2.676330622355508745e-07
2.622057744099722444e-07
2.568733700031888595e-07
2.516241525506438892e-07
2.465292999529565576e-07
2.416132863902323797e-07
2.368537037800876908e-07
2.321941890926828664e-07
2.276210450994627925e-07
2.231312129667979692e-07
2.187178930223221992e-07
2.143785664896317403e-07
2.101918269236461620e-07
2.061663583971732423e-07
2.022766044603150506e-07
1.984656583034242502e-07
1.947214386733941190e-07
1.910463959418364274e-07
1.874227727124666926e-07
1.838672838083153182e-07
1.804602525022010998e-07
1.771855908304776395e-07
1.740210831079242566e-07
1.709197301045554155e-07
1.678623309657799823e-07
1.648585434032973908e-07
1.618876825056124004e-07
1.589806352507604103e-07
1.562094870502534183e-07
1.535436839236932173e-07
1.509577253384440339e-07
1.484147644238979694e-07
1.459012693469621127e-07
1.434261546113369831e-07
1.409652353898724548e-07
1.385698448591255793e-07
1.362830271027577446e-07
1.340771608920436575e-07
1.319146115638194002e-07
1.297788571400657364e-07
1.276655487925414927e-07
1.255738286051848127e-07
1.234802073382892371e-07
1.214471144196103337e-07
1.194994328634611072e-07
1.176119523420203691e-07
1.157434507583296295e-07
1.138900915686911002e-07
1.120617948719536045e-07
1.102458210007298835e-07
1.084259243785390471e-07
1.066669733846530861e-07
1.049748513318367649e-07
1.033287251662051424e-07
1.016935502021865058e-07
1.000718902316517542e-07
9.848105073665407510e-08
9.689426858142943481e-08
9.531045253523570847e-08
9.378954319840327148e-08
9.231349960512400135e-08
9.087290332912628647e-08
8.944894899621833811e-08
8.803965017137054170e-08
8.666797184180031479e-08
8.530037943685917604e-08
8.394458398862843844e-08
8.264529887424501119e-08
8.137246255192971646e-08
8.012001055281604176e-08
7.887969608114020890e-08
7.764904506418625138e-08
7.644649655259910113e-08
7.523361225304359472e-08
7.403224341487143582e-08
7.285857725914339562e-08
7.169523760799287163e-08
7.053144588570613994e-08
6.937388946878085956e-08
6.822288750534507275e-08
6.708808241268157685e-08
6.593454091762409082e-08
6.478879250008179198e-08
6.364806023379146415e-08
6.250631023620684052e-08
6.135217340451805198e-08
6.019658525522723614e-08
5.904416802285003373e-08
5.789600528620474608e-08
5.672922480157454506e-08
5.557080677362252025e-08
5.441321484802311652e-08
5.326488620147854329e-08
5.212519634671762568e-08
5.100888882070326663e-08
4.992806102109674362e-08
4.888010047801451760e-08
4.785332968752170183e-08
4.686325979750382791e-08
4.589217829762319298e-08
4.494783601907937136e-08
4.402841898996025758e-08
4.313516018197836512e-08
4.227313396277034146e-08
4.143094823451977121e-08
4.059906623206131180e-08
3.978151059789280501e-08
3.896505540408667552e-08
3.815840320024809408e-08
3.736365613834406399e-08
3.658202023265288132e-08
3.582072224038439455e-08
3.507214754582578313e-08
3.433322171246055609e-08
3.359923029407999501e-08
3.286689694005446190e-08
3.213914306797763331e-08
3.141670333667768705e-08
3.069656279851479369e-08
2.998245619012301341e-08
2.927293512584588785e-08
2.857077039040116900e-08
2.787469709315771833e-08
2.719058616513089499e-08
2.652105181446194244e-08
2.586306332763769580e-08
2.521085917884749091e-08
2.456634846789102907e-08
2.392864644992895117e-08
2.329279016595838260e-08
2.265599511274204362e-08
2.202475910445728059e-08
2.140668381814105634e-08
2.080305610695630845e-08
2.021140410537760992e-08
1.963452501090392883e-08
1.907304190939239423e-08
1.851918878822160575e-08
1.797056790133459188e-08
1.742592001770252635e-08
1.688660268698291514e-08
1.635437205434402076e-08
1.583279385782320443e-08
1.533026892120381909e-08
1.484538515134427216e-08
1.436851416933763741e-08
1.390057966666820125e-08
1.343993297997370762e-08
1.298998384791525653e-08
1.255306843982239237e-08
1.212239245746275184e-08
1.169806592230574686e-08
1.128217125232743035e-08
1.087784464993372213e-08
1.049197071982436393e-08
1.012117636834156135e-08
9.759909876205154195e-09
9.404824539772171459e-09
9.053940296322833476e-09
8.710896719894439394e-09
8.375171869796882075e-09
8.052711874066676995e-09
7.745134720533844632e-09
7.451149510936056967e-09
7.164753549597412841e-09
6.882125271234854009e-09
6.603551613591134264e-09
6.338200515653108115e-09
6.085025026907070375e-09
5.837987417381816718e-09
5.597516290121565500e-09
5.368445007059465471e-09
5.146380903704207472e-09
4.929530281761757850e-09
4.721253969724834348e-09
4.521626641692182561e-09
4.329669319544999245e-09
4.146142780241767411e-09
3.968017321902363794e-09
3.794213457112259519e-09
3.627771854697942040e-09
3.468624591281567815e-09
3.315246947423260388e-09
3.167713272061046126e-09
3.024304574824706573e-09
2.892300101386590103e-09
2.763640549437817814e-09
2.636921266794926694e-09
2.517417756179535365e-09
2.402262814669212296e-09
2.290004233491032412e-09
2.181817862961959858e-09
2.080573695137575440e-09
1.985408975355501709e-09
1.894718873745528387e-09
1.806582036006594689e-09
1.721283723367287977e-09
1.637898667747236850e-09
1.557231024247041398e-09
1.479802215613319931e-09
1.409487818332841327e-09
1.341938375817288897e-09
1.279560997627167668e-09
1.218175126426992149e-09
1.157459276375119556e-09
1.097766272275348412e-09
1.039586842672236448e-09
9.856768744403658783e-10
9.360975516918258360e-10
8.899619518139637566e-10
8.464328601860698987e-10
8.033024131417320452e-10
7.601470316856466544e-10
7.172755558312639670e-10
6.755056695058944372e-10
6.371314855707374059e-10
6.025809496785278297e-10
5.707349178268600974e-10
5.396637220991236286e-10
5.087843852100883315e-10
4.779093578283204330e-10
4.466662890531941149e-10
4.164098069267224588e-10
3.889667013468141649e-10
3.649031882505286638e-10
3.422997941370992611e-10
3.198807607561031125e-10
2.976186447925618321e-10
2.755536868227286904e-10
2.529909007460747775e-10
2.313599255441382431e-10
2.127680542136467485e-10
1.965213929647187628e-10
1.811007698145784624e-10
1.658670818371016422e-10
1.510967813789375101e-10
1.368760904247081322e-10
1.222412161101678045e-10
1.089663918365500780e-10
9.861412770437680393e-11
8.992412828312514703e-11
8.170250816551628133e-11
7.390151144355350021e-11
6.703760248158085028e-11
6.083038306293168740e-11
5.406829376090044977e-11
4.895649812342971250e-11
4.597625623768629989e-11
4.415649449420525889e-11
4.222204741008294708e-11
4.035040409680465193e-11
3.918178247299514330e-11
3.796028812127229899e-11
3.572927381331239583e-11
3.466913828966303253e-11
3.420913946494347969e-11
3.391525497817428879e-11
3.283733467581480528e-11
3.117990458510935864e-11
2.972521821511011088e-11
2.744141356843255463e-11
2.421945690985198414e-11
2.202677539873971940e-11
1.977685407785161067e-11
1.771972249782603624e-11
1.557291480670804387e-11
1.330235325131636103e-11
1.186408133267636980e-11
1.023888875092713042e-11
8.741582306221526807e-12
8.513523015786541226e-12
8.514084336415790064e-12
8.753682758476323592e-12
8.994927464080882780e-12
8.985457938980680746e-12
9.233210247492098381e-12
8.608630201809203092e-12
7.883235589316970190e-12
7.221264414117808961e-12
6.443231862480658257e-12
5.411129140555846807e-12
4.482557268960479575e-12
3.694210169927105239e-12
3.436949285157953816e-12
2.989507259940139634e-12
3.073990430377326834e-12
3.375389710852240523e-12
3.743422964770876051e-12
3.757341273273971482e-12
3.519532134938533927e-12
3.090493113710112195e-12
2.602217561192978699e-12
1.822437200388751519e-12
1.481852912404564902e-12
1.378283956797372555e-12
1.584021665042243182e-12
1.788630506016799199e-12
1.905329780427774793e-12
1.916551021864534864e-12
1.664748033108314989e-12
1.142710531205161993e-12
8.824623727426964219e-13
7.431225196598373906e-13
8.660553966348671212e-13
1.063177265651376940e-12
1.116247160904816512e-12
1.062415607535124156e-12
7.853538365400109304e-13
4.739278224579553709e-13
4.539418949388528803e-13
5.697847192248485431e-13
7.212312170094260414e-13
7.167503043023074489e-13
4.956298939375125338e-13
3.425721665438267228e-13
2.806926953946208286e-13
4.080102211845428128e-13
5.076794088530239676e-13
4.284417733747636253e-13
2.334847390822407986e-13
1.852734739824512606e-13
2.795890410219254994e-13
3.849931690205276118e-13
2.563435231152503562e-13
1.318930388871189227e-13
1.562406926040596740e-13
2.731920563299806465e-13
2.257161762143829634e-13
1.029547906815716837e-13
1.062635537148323968e-13
2.161628126591840959e-13
1.532608594246346854e-13
6.605700923273861766e-14
1.090789057424012915e-13
1.695498559363955161e-13
7.202815734795302172e-14
5.757355123171574790e-14
1.322041227535593011e-13
8.345313196221597784e-14
2.791591196502036138e-14
1.147114131997362387e-13
5.905715228411239302e-14
3.036259501640149353e-14
9.358400775024591944e-14
3.553324836714296194e-14
3.591731264832862086e-14
7.941690333052305082e-14
2.550390529297920023e-15
7.098043162895099531e-14
1.928844386172258350e-14
3.632499577850787587e-14
4.060302351542081725e-14
1.355529964708459577e-14
4.597644727210129901e-14
6.777438402189075830e-15
4.075477658221414776e-14
7.143771598769668301e-15
3.302115087150211462e-14
8.631145996549002316e-15
2.632928941876983929e-14
9.364718985770653042e-15
2.126966278157684270e-14
9.283406381853206016e-15
1.750939561865775090e-14
8.712693749912128090e-15
1.464473101739588953e-14
7.921615783808707518e-15
1.238954522083878910e-14
7.068701335032171740e-15
1.056414032389307793e-14
6.235319941558482804e-15
9.056394998936912419e-15
5.459184440401465201e-15
7.793514913422841243e-15
4.755106433312167331e-15
6.725583472831070414e-15
4.126282835447364548e-15
5.816507851870970514e-15
3.570196410372070356e-15
5.039007578768352507e-15
3.081682779268805129e-15
4.371743640768970224e-15
2.654530804041068196e-15
3.797593646513897027e-15
2.282317238764350841e-15
3.302560248796024039e-15
1.958834588644444971e-15
2.875044221952003476e-15
1.678299088719530881e-15
2.505337246312590693e-15
1.435438436349584613e-15
2.185253285109058798e-15
1.225513684145542940e-15
1.907851348557224860e-15
1.044305644429677624e-15
1.667221057982630337e-15
8.880830163997993372e-16
1.458313003356804190e-15
7.535620879776122661e-16
1.276802113674073099e-15
6.378636513461782258e-16
1.118976050893652806e-15
5.384703163105430960e-16
9.816430249448398478e-16
4.531859562128164618e-16
8.620549799837111724e-16
3.800981593783057607e-16
7.578431436087990554e-16
3.175440474240474758e-16
6.669636502042249736e-16
2.640795201815744135e-16
5.876514610670715643e-16
2.184518149769007460e-16
5.183811761944317893e-16
1.795751742225827866e-16
4.578336108303406191e-16
1.465093702086351252e-16
4.048672211382582148e-16
1.184408200386671838e-16
3.584936279643966672e-16
9.466602580704440184e-17
3.178566167458272509e-16
7.457708658210031212e-17
2.822140953924842902e-16
5.764904671135657033e-17
2.509225755767711373e-16
4.342886440626647611e-17
2.234238113602316204e-16
3.152580540522689665e-17
1.992332854318008746e-16
2.160308667286507146e-17
1.779302801684727222e-16
1.337061411905303242e-17
1.591493097973439838e-16
6.578676217465510367e-18
1.425727228521074688e-16
1.012471538008078630e-18
1.279243116870581084e-16
-3.512637141464044660e-18
1.149637894764571577e-16
-7.155236233688573508e-18
1.034820148292671689e-16
-1.005142473439632067e-17
9.329686124073731166e-17
-1.231789971376515755e-17
8.424964293458441302e-17
-1.405462674539883430e-17
7.620202112856732926e-17
-1.534715019463941136e-17
6.903332521814462065e-17
-1.626859107259336520e-17
6.263823251870971331e-17
-1.688137406390744363e-17
5.692475790381626033e-17
-1.723871984359892705e-17
5.181251148265792267e-17
-1.738593407531432366e-17
4.723118805509613944e-17
-1.736152038599118541e-17
4.311925717880583128e-17
-1.719814094582467940e-17
3.942282679878147734e-17
-1.692344520459220822e-17
3.609465719422414351e-17
-1.656078458204409291e-17
3.309330504817520088e-17
-1.612982853003265671e-17
3.038238026896806362e-17
-1.564709534033693978e-17
2.792990045887420514e-17
-1.512640929482154704e-17
2.570773004015798892e-17
-1.457929414623270577e-17
2.369109274454598702e-17
-1.401531165512861516e-17
2.185814772587738101e-17
-1.344235265164738591e-17
2.018962084301896611e-17
-1.286688715865994141e-17
1.866848380665602596e-17
-1.229417916491305924e-17
1.727967486241396263e-17
-1.172847093405839965e-17
1.600985552300513072e-17
-1.117314103190834307e-17
1.484719859764353327e-17
-1.063083971787029231e-17
1.378120340785203689e-17
-1.010360482883127500e-17
1.280253461071783172e-17
-9.592960869905158163e-18
1.190288155514834666e-17
-9.100003653822013931e-18
1.107483546509846491e-17
-8.625472499485095310e-18
1.031178214016117759e-17
-8.169811754615871186e-18
9.607808152468363886e-18
-7.733223122563754350e-18
8.957618787383601091e-18
-7.315710105444063598e-18
8.356466202592380938e-18
-6.917115684500417950e-18
7.800086497515519795e-18
-6.537154192580324406e-18
7.284644536112931708e-18
-6.175438214513595714e-18
6.806685540615382225e-18
-5.831501234479536768e-18
6.363092575053604204e-18
-5.504816641418473375e-18
5.951049182848372973e-18
-5.194813623640693263e-18
5.568006516168117035e-18
-4.900890412488466468e-18
5.211654392501409487e-18
-4.622425263113024278e-18
4.879895779357768167e-18
-4.358785508660776399e-18
4.570824288115800348e-18
-4.109334980128476722e-18
4.282704287437761792e-18
-3.873440040794445125e-18
4.013953323273491244e-18
-3.650474442786805201e-18
3.763126554720482037e-18
-3.439823191337616991e-18
3.528902958737338280e-18
-3.240885573540317570e-18
3.310073090941012884e-18
-3.053077483736181983e-18
3.105528210217704720e-18
-2.875833157186457418e-18
2.914250605164864066e-18
-2.708606415549209813e-18
2.735304979241636674e-18
-2.550871496939516367e-18
2.567830768853968164e-18
-2.402123551291551358e-18
