# bin_4_4
-1.397445878220931696e-07
1.440121326306467691e-07
-1.317439766985762989e-07
1.351620368853207964e-07
-1.241383997436833747e-07
1.268550851045422066e-07
-1.169126547506708511e-07
1.190578827458374464e-07
-1.100511376771014799e-07
1.117397042730972973e-07
-1.035379595984710567e-07
1.048723007672452534e-07
-9.735703304746239614e-08
9.842974065284252957e-08
-9.149213133433935770e-08
9.238827509682310352e-08
-8.592692206102269606e-08
8.672623093315529251e-08
-8.064497791803103825e-08
8.142392717290515477e-08
-7.562976620885286859e-08
7.646361427222775185e-08
-7.086461766021830206e-08
7.182943487527596408e-08
-6.633267719244140766e-08
6.750740498042094954e-08
-6.201683727572278650e-08
6.348541358300439164e-08
-5.789965566715877910e-08
5.975324003744754118e-08
-5.396325982475543617e-08
5.630258504493446394e-08
-5.018924057501393184e-08
5.312711355198182763e-08
-4.655853961581341594e-08
5.022250370696481584e-08
-4.305133609787861502e-08
4.758649588700329619e-08
-3.964693917607459957e-08
4.521893257298818332e-08
-3.632369839709962488e-08
4.312177777847501271e-08
-3.305894367033080028e-08
4.129910026470461550e-08
-2.982897260344435673e-08
3.975700216083434196e-08
-2.660910717915326318e-08
3.850346722922612484e-08
-2.337384510185542896e-08
3.754810255011711411e-08
-2.009713787947472460e-08
3.690173772242182826e-08
-1.675283002745808832e-08
3.657584690947749988e-08
-1.331529762915291133e-08
3.658175393428203949e-08
-9.760323575095176602e-09
3.692958566160321144e-08
-6.066242559504493751e-09
3.762694529171806336e-08
-2.215375104983059203e-09
3.867729583626968065e-08
1.804250908099245421e-09
4.007807186221240244e-08
5.996930408511789434e-09
4.181858251995279384e-08
1.035715470639283166e-08
4.387783165524576868e-08
1.486749290326811782e-08
4.622246284207154799e-08
1.949673775376012890e-08
4.880513774478870524e-08
2.419867863283572581e-08
5.156376691543992617e-08
2.891197581505893553e-08
5.442211676454776030e-08
3.356170215132331350e-08
5.729238841085546093e-08
3.806315735814355124e-08
6.008035763202385487e-08
4.232849662453434544e-08
6.269352786043190687e-08
4.627648445754556471e-08
6.505240848201648993e-08
4.984522226817359434e-08
6.710443097545616649e-08
5.300695238642903415e-08
6.883912418193578006e-08
5.578301542172811454e-08
7.030203462808612120e-08
5.825583604561503006e-08
7.160367532800433318e-08
6.057370090195674132e-08
7.291888447280871765e-08
6.294354429372867031e-08
7.447195097870142372e-08
6.560764411576324506e-08
7.650445231661953248e-08
6.880279424787411158e-08
7.922662264271077687e-08
7.270565968854110178e-08
8.275941819988839455e-08
7.737536027245056810e-08
8.708235558574586424e-08
8.271214665437958486e-08
9.200901246116377022e-08
8.845568658251869990e-08
9.721323221898789417e-08
9.424271801771915006e-08
1.023191035749933155e-07
9.972671932568969048e-08
1.070433072709786277e-07
1.047312049529173319e-07
1.113430093435875854e-07
1.093722889979954281e-07
1.154914501865700870e-07
1.140669484143067587e-07
1.200035501976792812e-07
1.193699866077768099e-07
1.253915578227249776e-07
1.256719108959309480e-07
1.318453762102964311e-07
1.329157641229824223e-07
1.390466626809041957e-07
1.405647801568139469e-07
1.463275207457095072e-07
1.479560635695716039e-07
1.531781429653350041e-07
1.548729411560099007e-07
1.597554978788099902e-07
1.618465554941013773e-07
1.668566347099853116e-07
1.697456790558129765e-07
1.751732787071678285e-07
1.788630616425674138e-07
1.844734223274257828e-07
1.884861128526959916e-07
1.937837830452971419e-07
1.977344348945373889e-07
2.026761498014440912e-07
2.068548144075046081e-07
2.120255321543930018e-07
2.170150574581084882e-07
2.227707663877431504e-07
2.284564801113758711e-07
2.342910064793094340e-07
2.399875185556389656e-07
2.454743556520885351e-07
2.512588354417734719e-07
2.570152390977276925e-07
2.636410889899464899e-07
2.700864156169035954e-07
2.772848931377082012e-07
2.836673260649867364e-07
2.907527580262667881e-07
2.970723810081353351e-07
3.047558237524764086e-07
3.118702675038196060e-07
3.203378375841417241e-07
3.275834544987178669e-07
3.359610251570200143e-07
3.432294064731335986e-07
3.523293887065296457e-07
3.604786484938133014e-07
3.701600510125463052e-07
3.782383221667886011e-07
3.879880271821479884e-07
3.966863061871288291e-07
4.074476638096396241e-07
4.166001968307788957e-07
4.273621381733624549e-07
4.367875653304328371e-07
4.485334651961012328e-07
4.587166293151822516e-07
4.705947147281338020e-07
4.810151818791068468e-07
4.938796902517817742e-07
5.050746054905103587e-07
5.180904740486443888e-07
5.297656126540060790e-07
5.438587875107476270e-07
5.560446452900038679e-07
5.704055887320354333e-07
5.835540232204150090e-07
5.987300923013518545e-07
6.121623070450087909e-07
6.282469810964667142e-07
6.425675965479549084e-07
6.590423099647375080e-07
6.743340248060651560e-07
6.916377705219218781e-07
7.074702366558086194e-07
7.258549239990005798e-07
7.423670098521086325e-07
7.615965770869125828e-07
7.791040252173575192e-07
7.990550900305928576e-07
8.176383664890814393e-07
8.384072028224544494e-07
8.580211187996026313e-07
8.797424875061653795e-07
9.003672360199553955e-07
9.231307367887026632e-07
9.447962907850715657e-07
9.686575743595070216e-07
9.914193665258995655e-07
1.016424433018014199e-06
1.040345194036165188e-06
1.066542095775587197e-06
1.091685710216836735e-06
1.119127420249908126e-06
1.145558304389036341e-06
1.174302604210033515e-06
1.202086449285461508e-06
1.232195370616778233e-06
1.261399894033262499e-06
1.292939340789065530e-06
1.323634820294630050e-06
1.356674400013249036e-06
1.388934040938871410e-06
1.423547032345528395e-06
1.457447237566368528e-06
1.493710635164034839e-06
1.529331222719347478e-06
1.567325823484142203e-06
1.604750216123442250e-06
1.644560729091495918e-06
1.683876127896485266e-06
1.725591295832391474e-06
1.766888843529480136e-06
1.810601570026590963e-06
1.853976506040410949e-06
1.899783983331291769e-06
1.945335790544327356e-06
1.993339624039509633e-06
2.041172165819396563e-06
2.091478491500860551e-06
2.141700136459303441e-06
2.194419726933325161e-06
2.247143457866734547e-06
2.302391812297972341e-06
2.357735314717104323e-06
2.415632727019061237e-06
2.473718451518136662e-06
2.534390050106560498e-06
2.595345241517992045e-06
2.658920992607625002e-06
2.722877677344148671e-06
2.789492342184367413e-06
2.856587263390690515e-06
2.926380297932507514e-06
2.996754785961617907e-06
3.069870169202211041e-06
3.143669932471706140e-06
3.220255907084520905e-06
3.297630725490285492e-06
3.377839431250857355e-06
3.458942730972562627e-06
3.542929707907148011e-06
3.627917992562050901e-06
3.715841526586293055e-06
3.804873635237773961e-06
3.896893914301257922e-06
3.990130071738122776e-06
4.086408115076054519e-06
4.184008734032382714e-06
4.284705051038908073e-06
4.386829239586975992e-06
4.492102168057369515e-06
4.598905888313537184e-06
4.708909554398423613e-06
4.820543370988439421e-06
4.935425205261845896e-06
5.052031553843319215e-06
5.171929289596984830e-06
5.293639187374456724e-06
5.418677258905288253e-06
5.545606370868013874e-06
5.675891621603617001e-06
5.808135588732596524e-06
5.943752192202606853e-06
6.081381121938624673e-06
6.222384613799807374e-06
6.365436629747422577e-06
6.511846947616771491e-06
6.660320696298812157e-06
6.812114127784170893e-06
6.965960147256671576e-06
7.123060097578033098e-06
7.282170968464314725e-06
7.444437480372344506e-06
7.608636707661956827e-06
7.775854701641153393e-06
7.944884319497865134e-06
8.116750575980777663e-06
8.290257532709691381e-06
8.466366515536687413e-06
8.643887987489519070e-06
8.823716715195140798e-06
9.004664623117987078e-06
9.187556938416141563e-06
9.371202104271715637e-06
9.556352878995112997e-06
9.741809472027668440e-06
9.928249520653222637e-06
1.011446070346055782e-05
1.030104346703287711e-05
1.048676946776624338e-05
1.067216087130595519e-05
1.085597107360973106e-05
1.103864434692364306e-05
1.121891539306682973e-05
1.139715305964895937e-05
1.157207537984825296e-05
1.174398102828912106e-05
1.191157659770828486e-05
1.207509940062869936e-05
1.223325381800267855e-05
1.238622897362640040e-05
1.253274105465409106e-05
1.267294928136388342e-05
1.280560113359039343e-05
1.293084989749579801e-05
1.304749972274916556e-05
1.315572783734466296e-05
1.325442629419007629e-05
1.334383169180452451e-05
1.342296033374588965e-05
1.349214796743644389e-05
1.355057486885061273e-05
1.359871771210803292e-05
1.363596080979465158e-05
1.366296176595700958e-05
1.367934477376112786e-05
1.368598122221073056e-05
1.368276063153396842e-05
1.367078695202161008e-05
1.365022249681347568e-05
1.362240040535352603e-05
1.358773695140675141e-05
1.354776070394621921e-05
1.350308902402132526e-05
1.345537503414428425e-05
1.340534516624001943e-05
1.335466633223452274e-05
1.330404320414771454e-05
1.325501006994006441e-05
1.320808914269395674e-05
1.316451440153609812e-05
1.312445540629183472e-05
1.308868354528682194e-05
1.305686893830191056e-05
1.302920206115247978e-05
1.300477321929721362e-05
1.298316311902699769e-05
1.296291351845276635e-05
1.294309729415911804e-05
1.292188358950156079e-05
1.289808988368011669e-05
1.286983435292886236e-05
1.283605928124090020e-05
1.279524846214598925e-05
1.274689550030846152e-05
1.269024915218237261e-05
1.262568776951032304e-05
1.255344840115341850e-05
1.247486908571558716e-05
1.239106812020654667e-05
1.230403817514453299e-05
1.221527692415177253e-05
1.212676294357835200e-05
1.203959291936916167e-05
1.195492516670860289e-05
1.187272802518713009e-05
1.179280905310866554e-05
1.171378331892163815e-05
1.163427238067160555e-05
1.155212382130756086e-05
1.146574475742805383e-05
1.137345422095654836e-05
1.127475828411178538e-05
1.116958440680526759e-05
1.105923663516218812e-05
1.094529320960777185e-05
1.083013649523266281e-05
1.071557304011332791e-05
1.060319368910132447e-05
1.049314136659568512e-05
1.038482014189806857e-05
1.027628292241552797e-05
1.016555682977567182e-05
1.005056743136253611e-05
9.930591784835805631e-06
9.805897764166481297e-06
9.678405407601989045e-06
9.550362067279717182e-06
9.424119299838503249e-06
9.300517817201365016e-06
9.179105130702627064e-06
9.057731020019560517e-06
8.934183064678607563e-06
8.806810136777685124e-06
8.676060098816983315e-06
8.543821504620476535e-06
8.412941740719134107e-06
8.285026290654253915e-06
8.159892557327277018e-06
8.035187578631621666e-06
7.908508706695238495e-06
7.778799893574602054e-06
7.647748952361690028e-06
7.518182826854601644e-06
7.392232586823251197e-06
7.269122720886192801e-06
7.146257583631404255e-06
7.021319418621213053e-06
6.894953419860967233e-06
6.769812115985197545e-06
6.648119428168019671e-06
6.529022515604553797e-06
6.410161971385801760e-06
6.290500958850077648e-06
6.171962791538191783e-06
6.056377399781479387e-06
5.942940322574992898e-06
5.829127384883576528e-06
5.715068179806054771e-06
5.603565836252007726e-06
5.496060505990903162e-06
5.390122178258975295e-06
5.283861871207673631e-06
5.178842140455400751e-06
5.076771661593375214e-06
4.975869280654841624e-06
4.875224081249408781e-06
4.777336761560663633e-06
4.683187921250537971e-06
4.589979140974373579e-06
4.497483696303780607e-06
4.407608000424934576e-06
4.319040908595151838e-06
4.230753981212744227e-06
4.145404832487825651e-06
4.062814227082044805e-06
3.981574704292459150e-06
3.902841404530274796e-06
3.825604136173004811e-06
3.748998248926837868e-06
3.674442162839012578e-06
3.600796545260086512e-06
3.529210764542293469e-06
3.460625823700345609e-06
3.393653058351201863e-06
3.328678069967165045e-06
3.264589928873066865e-06
3.201752958461036033e-06
3.140006349506431743e-06
3.079287547585972029e-06
3.020933972360372439e-06
2.964707955130571740e-06
2.910623230469177390e-06
2.857558564540299029e-06
2.805553663090727418e-06
2.754335370132886147e-06
2.703926283767637382e-06
2.654500216041593231e-06
2.607260054651011893e-06
2.561926162423007638e-06
2.518227972025849877e-06
2.475400268150359535e-06
2.433203253953166280e-06
2.391640400205324296e-06
2.350558218370769873e-06
2.310438034645313371e-06
2.272295729891080252e-06
2.235724120526143701e-06
2.200307201364713010e-06
2.165469455429214156e-06
2.131045934429160660e-06
2.097074537526404789e-06
2.063330690699251905e-06
2.030579319796062455e-06
1.999467796996021962e-06
1.969581216599920616e-06
1.940341346781711601e-06
1.911480630795178090e-06
1.882982845655872792e-06
1.854752989025080909e-06
1.826534684804505152e-06
1.799257264234066392e-06
1.773329241153653164e-06
1.748328839388152169e-06
1.723609689551302614e-06
1.699078112741226222e-06
1.674915835460660137e-06
1.650863011718681956e-06
1.626738489660725925e-06
1.603517317519720156e-06
1.581299685010499000e-06
1.559725786266580133e-06
1.538258340499168399e-06
1.516912541014689353e-06
1.495963364082865058e-06
1.474944434128209119e-06
1.453898720577166958e-06
1.433734391907820116e-06
1.414138054678623439e-06
1.394933456433005573e-06
1.375835449524023046e-06
1.356769217386474357e-06
1.338099416161835965e-06
1.319290634122105861e-06
1.300518790213597416e-06
1.282490034976557688e-06
1.264759579357404029e-06
1.247238748549681662e-06
1.229838032699236671e-06
1.212539897797202026e-06
1.195636942422673043e-06
1.178514716575345479e-06
1.161564275312198268e-06
1.144978764858966466e-06
1.128491632088146702e-06
1.111869887572541363e-06
1.095219466962456649e-06
1.078526755969941972e-06
1.061906242040282489e-06
1.044803181039998944e-06
1.027678162951898066e-06
1.010502125597832554e-06
9.932404369630002401e-07
9.757607761971781061e-07
9.583150662503831674e-07
9.410593167173841696e-07
9.240345930199308786e-07
9.069049622334722984e-07
8.900996373797516740e-07
8.734460270957886964e-07
8.570317308477471227e-07
8.407816451033869096e-07
8.248673286601796984e-07
8.094295428011340803e-07
7.943552821066486070e-07
7.794545941433334828e-07
7.649970292599252984e-07
7.507194766829608588e-07
7.367907724151722097e-07
7.232148689914290415e-07
7.100294876445836070e-07
6.973513431216206786e-07
6.849964063045077012e-07
6.728115570186561496e-07
6.608471142121982752e-07
6.488811669870006076e-07
6.370535905402574162e-07
6.253956078146343880e-07
6.139149842238542875e-07
6.027203341036582315e-07
5.916841991169940436e-07
5.807880116227814370e-07
5.699577312671872566e-07
5.591551118260609265e-07
5.484152517472491457e-07
5.377413802858174239e-07
5.270830247570587154e-07
5.165121834571224944e-07
5.059732958615718561e-07
4.954392048599554597e-07
4.848291491853977950e-07
4.742369756517035782e-07
4.637660033074500199e-07
4.534406492548562138e-07
4.431851985762136288e-07
4.329945458901451617e-07
4.228358225559549765e-07
4.126454167448500428e-07
4.023997872337824947e-07
3.921802111453647567e-07
3.820466152635883543e-07
3.719966574215444144e-07
3.620489539476239362e-07
3.523153542060604602e-07
3.427917286758765293e-07
3.333191632821412260e-07
3.238637191572908226e-07
3.144299029872461813e-07
3.050857175286116254e-07
2.958785215726575962e-07
2.867932368835103434e-07
2.779136748133467827e-07
2.692654184021802732e-07
2.607325429589000484e-07
2.523515367224413554e-07
2.441234816323360548e-07
2.360706258284327519e-07
2.281629807668672708e-07
2.203493979762903015e-07
2.126807909871921008e-07
2.051462696311060899e-07
1.978185033555628086e-07
1.907949217526564702e-07
1.840225927533135511e-07
1.774043871953150700e-07
1.708920592101776153e-07
1.644420226374355293e-07
1.581558150134311574e-07
1.520530022450254019e-07
1.461466127364467745e-07
1.404845785666756112e-07
1.350625746554331811e-07
1.298027508557037133e-07
1.246230760549214853e-07
1.195416268947992983e-07
1.146698477008270878e-07
1.099815635475289939e-07
1.054400864996869214e-07
1.010351989656823526e-07
9.681495039698520571e-08
9.273219153138351630e-08
8.877632082098701145e-08
8.497892419262961076e-08
8.133760657281190385e-08
7.781480090238602236e-08
7.444894339040870742e-08
7.117421093241808369e-08
6.797394147909683816e-08
6.493005204670594242e-08
6.203300426536380044e-08
5.925276214384252447e-08
5.658435367029591201e-08
5.400549564203126907e-08
5.158203425528717644e-08
4.921630082489636830e-08
4.690383626099640927e-08
4.472073927953423329e-08
4.263723445111599174e-08
4.062842937965879442e-08
3.868656880432801654e-08
3.687276756946143881e-08
3.514890076352906491e-08
3.350712036300077587e-08
3.191169949989375359e-08
3.037502340627975324e-08
2.888571807361127336e-08
2.744603297899639233e-08
2.607521947224904242e-08
2.481830195028511303e-08
2.362815191131896943e-08
2.252787652341273542e-08
2.145015884306006254e-08
2.037788043445528577e-08
1.932179505768384044e-08
1.830084172564637463e-08
1.736259741593716850e-08
1.650264688512231019e-08
1.571540907578790249e-08
1.498803970152697477e-08
1.426405934165507220e-08
1.352472970730799368e-08
1.278619519961116109e-08
1.207884418917056148e-08
1.143857372932778175e-08
1.087261473676823324e-08
1.036420902990660567e-08
9.880379539656267758e-09
9.393719601850065106e-09
8.892420104654230377e-09
8.383823502163956579e-09
7.903091354383244819e-09
7.473926442522090562e-09
7.116474942072520894e-09
6.787531467656721571e-09
6.461716065045703013e-09
6.135951167511469451e-09
5.801532463343842183e-09
5.455889932591166599e-09
5.130621054758960868e-09
4.858043630044224949e-09
4.634098707279757201e-09
4.416960957472451775e-09
4.195396445114467313e-09
3.979207500727887902e-09
3.759523675736740193e-09
3.524565191945332177e-09
3.306813399192551706e-09
3.140058585563799910e-09
2.997565357164668495e-09
2.849992443789733468e-09
2.697395929811869843e-09
2.557081630281226567e-09
2.415031153016941146e-09
2.251813898376021020e-09
2.110800369891629811e-09
2.006952237888070205e-09
1.916971050421775023e-09
1.816812881605195329e-09
1.711809488741665668e-09
1.621936675261865798e-09
1.527146585316135021e-09
1.412869972959013414e-09
1.326578045548236968e-09
1.257304358673428712e-09
1.196475005229813695e-09
1.128063563292553001e-09
1.054888585238918989e-09
9.973406298341381952e-10
9.296344767669905549e-10
8.503914779419690248e-10
7.994974610411766178e-10
7.505359775097537987e-10
7.066815144463876729e-10
6.612030913750282925e-10
6.095494714467632372e-10
5.720340776750319921e-10
5.229672028778484544e-10
4.716970845025874249e-10
4.396287386298080740e-10
4.077157782812852950e-10
3.769758179041244706e-10
3.470505962280389749e-10
3.139894589019022705e-10
2.921064037597245097e-10
2.580520590827865973e-10
2.309994943200761251e-10
2.114309552418855530e-10
1.957366503302638852e-10
1.773250372348033798e-10
1.617061106765888858e-10
1.461190882213774414e-10
1.373568938137663935e-10
1.195203661059397700e-10
1.099706618690253497e-10
1.029082150878974594e-10
9.970325099376418087e-11
9.356248509357760282e-11
8.859247349942107459e-11
8.504893903105390583e-11
8.361189559983424548e-11
7.606442145013192072e-11
7.460657205554466112e-11
7.209219485303217147e-11
7.128540354959613996e-11
6.788505754670730027e-11
6.380157248038849296e-11
6.097859669195151972e-11
5.701790231213436612e-11
4.962687602829105076e-11
4.642416299232243800e-11
4.135789820096673652e-11
3.749193123079487565e-11
3.325115221364626453e-11
2.853364230095523174e-11
2.610664903232284688e-11
2.311787745578540559e-11
1.984924464904656106e-11
1.960408662902412866e-11
1.894710853549736827e-11
1.903267771296195809e-11
1.913011234744124411e-11
1.861109340608287171e-11
1.909052613287458295e-11
1.770295474957745826e-11
1.637295672857104924e-11
1.504368307305867307e-11
1.343906582093571472e-11
1.140993353613217936e-11
9.705536774880303590e-12
8.142360385499676818e-12
7.727230318957725292e-12
6.846548958520844786e-12
6.980160777534368770e-12
7.323941607553432990e-12
7.772100339751621741e-12
7.652870513424450042e-12
7.136965149658325191e-12
6.295474425786104474e-12
5.423387924676958496e-12
4.092169096210653914e-12
3.492540688191750359e-12
3.230399555336286515e-12
3.471820120275555624e-12
3.765704996718800750e-12
3.900437440710254054e-12
3.862684439796792171e-12
3.381982175642216220e-12
2.520199207443608145e-12
2.026218783584462144e-12
1.750194251336990106e-12
1.892694711313181190e-12
2.219815777768403582e-12
2.276877345440426551e-12
2.151422185580132161e-12
1.648892690177303935e-12
1.141745228982931525e-12
1.051549126150556934e-12
1.234915405347518009e-12
1.458733956250253897e-12
1.455081288345958614e-12
1.059927121242955416e-12
7.758258781780839327e-13
6.551002357394038651e-13
8.833742811115745242e-13
1.013898712215897604e-12
8.749552051828521906e-13
5.285299157596679950e-13
4.551471012841598099e-13
5.971849384224151410e-13
7.579155307077932169e-13
5.357823723747351501e-13
3.296760779069711370e-13
3.529002791997991785e-13
5.479869761283601242e-13
4.556502149336218104e-13
2.540317217229400942e-13
2.464669795748200496e-13
4.278679622292910673e-13
3.188537725059174274e-13
1.686859026656807715e-13
2.330922564774380242e-13
3.377678401232662376e-13
1.619578361382423169e-13
1.432204988136848744e-13
2.589056408969077698e-13
1.778566469431601262e-13
8.066924954792025615e-14
2.253665672447128785e-13
1.266298592799732915e-13
8.157255296923519545e-14
1.793034633521334900e-13
8.675111424370948676e-14
7.958338335899380164e-14
1.564987032504829033e-13
2.110357777943904659e-14
1.393420259717622544e-13
4.662384953475375843e-14
7.883730988724819911e-14
8.012400994292559887e-14
3.850525232350347746e-14
8.731762816698545639e-14
2.516415341705558324e-14
7.707222132631365540e-14
2.401926412270232328e-14
6.283827259182378067e-14
2.498404682918236141e-14
5.051990309539438135e-14
2.489523465837872005e-14
4.108140639928363794e-14
2.362086542752070328e-14
3.394838466392813011e-14
2.167905064832780835e-14
2.842976904734849400e-14
1.949787045408564213e-14
2.403247645909472396e-14
1.732429865739556443e-14
2.044275485785289597e-14
1.527918347805471405e-14
1.746129201153412445e-14
1.341267176204882950e-14
1.495594449442926130e-14
1.173848530533325865e-14
1.283413182691994764e-14
1.025247670059224157e-14
1.102756883879565439e-14
8.942251992193569095e-15
9.483752841752526102e-15
7.792104199085713936e-15
8.161036216414730990e-15
6.785529237729373317e-15
7.025626135741922539e-15
5.906487634074487767e-15
6.049655347425834675e-15
5.140006633887192072e-15
5.209874741834284152e-15
4.472431365966373278e-15
4.486724543080301893e-15
3.891488794953550167e-15
3.863647437866121041e-15
3.386253222732128990e-15
3.326563606714208851e-15
2.947062316243556569e-15
2.863458792012960838e-15
2.565410991724244271e-15
2.464054308956839810e-15
2.233838420650228379e-15
2.119538413029204196e-15
1.945816569900298196e-15
1.822344873356558440e-15
1.695644738022068357e-15
1.565968685606227106e-15
1.478352252876892931e-15
1.344811540016711795e-15
1.289610160443534713e-15
1.154051477524985017e-15
1.125651967707511932e-15
9.895324402326834803e-16
9.832030754802249141e-16
8.476703370005703514e-16
8.594183119134752889e-16
7.253729211510385412e-16
7.518268765978503871e-16
6.199712889426659237e-16
6.582839772159258568e-16
5.291612020639149152e-16
5.769284551371477787e-16
4.509527460207240463e-16
5.061457328339965384e-16
3.836270858363254984e-16
4.445354685345992114e-16
3.256992785762091885e-16
3.908833570127564531e-16
2.758862653458506865e-16
3.441365710863354057e-16
2.330793020561140924e-16
3.033823936718917010e-16
1.963201970611363821e-16
2.678296390912324554e-16
1.647808197364828020e-16
2.367925099852491291e-16
1.377454215297506919e-16
2.096765776884810197e-16
1.145953770679359000e-16
1.859666125688803623e-16
9.479600988115006633e-17
1.652160239198124927e-16
7.788521444580531329e-17
1.470376999955134907e-16
6.346362688422751559e-17
1.310960643893801641e-16
5.118613194121721198e-17
1.171001894708335198e-16
4.075452284424761047e-17
1.047978270349324951e-16
3.191115642352131321e-17
9.397023539181433949e-17
2.443346809130150590e-17
8.442769709564025990e-17
1.812922885304704039e-17
7.600563586876220898e-17
1.283244416271312628e-17
6.856125286425476787e-17
8.399806921743289737e-18
6.197061345939642416e-17
4.707629520434915331e-18
5.612612391278912163e-17
1.649190524276175995e-18
5.093434657603204247e-17
-8.675609970205254026e-19
4.631410778106010355e-17
-2.921991241352441246e-18
4.219485967494065788e-17
-4.582499497112114590e-18
3.851526173093515639e-17
-5.908004514706123522e-18
3.522195269681842497e-17
-6.949230363126796323e-18
3.226848731411454161e-17
-7.749818932868303794e-18
2.961441576204015419e-17
-8.347292524132339841e-18
2.722448667188042513e-17
-8.773886569290628770e-18
2.506795710305029943e-17
-9.057270128983906739e-18
2.311799507003510575e-17
-9.221169229281925608e-18
2.135116224666029535e-17
-9.285906024823464534e-18
1.974696604470084884e-17
-9.268865299063275313e-18
1.828747172250007491e-17
-9.184897923750623664e-18
1.695696639939987689e-17
-9.046669803954537886e-18
1.574166818694764716e-17
-8.864963735991465623e-18
1.462947405310888430e-17
-8.648940283282845339e-18
1.360974151317618640e-17
-8.406363445007321762e-18
1.267309940631282224e-17
-8.143795734091650628e-18
1.181128391808779109e-17
-7.866766689819389334e-18
1.101699642873130154e-17
-7.579918563861911250e-18
1.028378026495018059e-17
-7.287132159963874005e-18
9.605913790357283903e-18
-6.991635500087165503e-18
8.978317691389514086e-18
-6.696097659427349708e-18
8.396474478948534238e-18
-6.402709727669135119e-18
7.856358619846232673e-18
-6.113254685489803036e-18
7.354375859539660511e-18
-5.829167639736705535e-18
6.887310491093084582e-18
-5.551587714222265199e-18
6.452279513328419684e-18
-5.281402803718802293e-18
6.046692778231682076e-18
-5.019288027975936288e-18
5.668218272008599448e-18
-4.765738841107147498e-18
5.314751947262585390e-18
-4.521099477772969638e-18
4.984391360510264143e-18
-4.285587351786181228e-18
4.675412765335114065e-18
-4.059313974206994529e-18
4.386251074917699118e-18
-3.842302882247011591e-18
4.115482405299109018e-18
-3.634504905395333689e-18
3.861808821979952739e-18
-3.435811236016229568e-18
3.624045013550038552e-18
-3.246064495984178766e-18
3.401106644283563072e-18
-3.065068133331637965e-18
3.192000193463737837e-18
-2.892594350428533342e-18
2.995814060018813715e-18
