# bin_2_1
1.107067607738290144e-07
-1.039046443858431037e-07
1.039611529201448698e-07
-9.782652471529331764e-08
9.764133380239066892e-08
-9.209830544168342767e-08
9.171867871133849297e-08
-8.670057569033280173e-08
8.616670990170718672e-08
-8.161486052102017157e-08
8.096091492517291309e-08
-7.682359411559963858e-08
7.607858323940993039e-08
-7.231008979856971454e-08
7.149865911435587112e-08
-6.805850758568599952e-08
6.720160905525772255e-08
-6.405382004494787736e-08
6.316930232758960692e-08
-6.028177682449815662e-08
5.938490310829425839e-08
-5.672886842262850076e-08
5.583277323814998169e-08
-5.338228942435240645e-08
5.249838445144530848e-08
-5.022990161467668764e-08
4.936823908219434592e-08
-4.726019716464202343e-08
4.642979854380891772e-08
-4.446226206603212315e-08
4.367141870096742467e-08
-4.182574010087757079e-08
4.108229143150469609e-08
-3.934079755327466794e-08
3.865239159859435548e-08
-3.699808885277621421e-08
3.637242882565128844e-08
-3.478872357252546655e-08
3.423380315837808227e-08
-3.270423508015318431e-08
3.222856391543112900e-08
-3.073655141645362673e-08
3.034937070994437859e-08
-2.887796903200179376e-08
2.858945560275911561e-08
-2.712113019157455031e-08
2.694258519881796080e-08
-2.545900507377809649e-08
2.540302123554292128e-08
-2.388487982356542261e-08
2.396547811027899138e-08
-2.239235192084442629e-08
2.262507559022611003e-08
-2.097533446549337986e-08
2.137728487141580111e-08
-1.962807102193321831e-08
2.021786615320036077e-08
-1.834516254477119732e-08
1.914279614562512624e-08
-1.712160758616361759e-08
1.814818445892137271e-08
-1.595285617337229951e-08
1.723017886212354721e-08
-1.483487660158193878e-08
1.638486088779891173e-08
-1.376423233971819013e-08
1.560813567869356958e-08
-1.273816362044144332e-08
1.489562310587379511e-08
-1.175466461482766644e-08
1.424256118952634791e-08
-1.081254277385938745e-08
1.364373752490066462e-08
-9.911442047386368670e-09
1.309346932391315050e-08
-9.051807122711430203e-09
1.258565664434239388e-08
-8.234762591462841993e-09
1.211393531140297860e-08
-7.461881226705179749e-09
1.167195316776675861e-08
-6.734821393685967166e-09
1.125378354023760519e-08
-6.054828278289751617e-09
1.085446965736439969e-08
-5.422119654976571454e-09
1.047066149940333102e-08
-4.835215590700772710e-09
1.010126186190913816e-08
-4.290320954675306320e-09
9.747946103419040247e-09
-3.780922083892591577e-09
9.415371367526721726e-09
-3.297798593755412855e-09
9.110866707584288523e-09
-2.829653115200336077e-09
8.843424575307513762e-09
-2.364493535768243684e-09
8.621929014826376940e-09
-1.891734959622556049e-09
8.452778481781969236e-09
-1.404713227329414427e-09
8.337379932196179734e-09
-9.029579238922273290e-10
8.270331478707794054e-09
-3.932749874432051745e-10
8.239315733551534125e-09
1.113645015145601700e-10
8.227566886233600537e-09
5.957046242907581234e-10
8.219036650267415859e-09
1.048370719157791244e-09
8.205039478393670867e-09
1.468301481490748377e-09
8.189594061677951938e-09
1.868074425237062008e-09
8.189834128492483631e-09
2.270745382169626025e-09
8.228997543864816763e-09
2.699308582567965813e-09
8.323357236914029223e-09
3.162845510360106615e-09
8.469914797056211485e-09
3.648407246413622559e-09
8.644906135220987018e-09
4.127789992069090588e-09
8.819025829372632030e-09
4.579460806232822118e-09
8.982197123145407481e-09
5.010632000803360614e-09
9.156729570882324634e-09
5.456246611994374692e-09
9.379704136413417263e-09
5.946822899368072930e-09
9.663461427743599773e-09
6.472977881417732337e-09
9.976875921554848508e-09
6.993131497136913542e-09
1.028141616172492025e-08
7.489070012977558120e-09
1.058720621595442340e-08
7.998913968020573899e-09
1.094434839162331116e-08
8.563725148930294026e-09
1.136309686075298815e-08
9.157188693593748675e-09
1.179170001490891572e-08
9.731539837285344388e-09
1.221462102621788207e-08
1.031697841522319085e-08
1.269077370293641998e-08
1.096458286593327318e-08
1.322657018259351287e-08
1.163067273346132681e-08
1.375965298636807908e-08
1.228578524526384687e-08
1.432039554461128363e-08
1.299794578008224119e-08
1.495380001833549246e-08
1.374692246341075489e-08
1.559327755548457906e-08
1.449041609166486957e-08
1.626895026910544337e-08
1.530083014472632700e-08
1.701175724672085747e-08
1.613127519345004546e-08
1.775822626614606537e-08
1.698954267820811874e-08
1.857880537824778493e-08
1.790953084272896635e-08
1.942261007627056826e-08
1.883987672682538524e-08
2.032409958821266224e-08
1.984423278947469611e-08
2.126741172247422096e-08
2.086350184907523352e-08
2.226681251871375195e-08
2.195798650509477859e-08
2.330942405717096189e-08
2.307906970606105852e-08
2.442242631600808608e-08
2.426827212182412653e-08
2.557214752724778729e-08
2.551028289986297983e-08
2.680170283736309507e-08
2.679962577922672700e-08
2.808576512839412635e-08
2.816661044505563287e-08
2.942805013621904772e-08
2.959256934041003183e-08
3.085107266106757099e-08
3.107805154322861462e-08
3.234711701015126567e-08
3.264009831102681687e-08
3.391199621703946564e-08
3.428231000389876866e-08
3.555403626506476659e-08
3.600299580724506670e-08
3.728089438329972060e-08
3.780452650064452886e-08
3.909647202391863521e-08
3.969203161123532210e-08
4.100382598560269501e-08
4.167084114022468512e-08
4.300670602382112229e-08
4.374592034605885200e-08
4.510955377045462224e-08
4.592213541471679315e-08
4.731722389362453159e-08
4.820449407425212381e-08
4.963484282681144848e-08
5.059824316102484992e-08
5.206777728428940851e-08
5.310889645723796954e-08
5.462164252925124178e-08
5.574224364901056579e-08
5.730231881586630509e-08
5.850435773142925893e-08
6.011596756499037140e-08
6.140160429769157128e-08
6.306904627580416010e-08
6.444065256059995100e-08
6.616832264055076357e-08
6.762848750639803362e-08
6.942088830383020276e-08
7.097242273391293200e-08
7.283417249953191435e-08
7.448011368821116161e-08
7.641595563903808746e-08
7.815957108461386524e-08
8.017438282462974285e-08
8.201917434478683639e-08
8.411797719639821598e-08
8.606768486610002154e-08
8.825565296666356735e-08
9.031425892120557777e-08
9.259672794544739682e-08
9.476845994789330550e-08
9.715093530712115994e-08
9.944026993890487250e-08
1.019284342844619704e-07
1.043400995795771012e-07
1.069398194072033423e-07
1.094787967047457438e-07
1.121961278146413668e-07
1.148676525556670086e-07
1.177088440727836240e-07
1.205184052083129379e-07
1.234899018057038681e-07
1.264432394151429535e-07
1.295516813102506474e-07
1.326547819490359291e-07
1.359070021568665128e-07
1.391660913581052305e-07
1.425691095830290128e-07
1.459906408278736356e-07
1.495516532567911669e-07
1.531422926006592097e-07
1.568686567225866511e-07
1.606352621149584178e-07
1.645344755316124215e-07
1.684840696968904287e-07
1.725637417058890905e-07
1.767034772570582212e-07
1.809712917802503913e-07
1.853084070155003338e-07
1.897720752103003816e-07
1.943138387949208301e-07
1.989810394244767006e-07
2.037346818861863290e-07
2.086129872374918877e-07
2.135856169053693778e-07
2.186824017359044723e-07
2.238809024363940545e-07
2.292032331066651807e-07
2.346341406039587776e-07
2.401886412264037300e-07
2.458579950719919626e-07
2.516506871935466686e-07
2.575638543526506689e-07
2.635999664138194158e-07
2.697614327942097572e-07
2.760451754076583831e-07
2.824583012716737812e-07
2.889926042869300471e-07
2.956593395362805136e-07
3.024455469696731550e-07
3.093661025310987288e-07
3.164036218282377167e-07
3.235760939337998310e-07
3.308619968058098393e-07
3.382819419790789076e-07
3.458105153525173378e-07
3.534704755346562793e-07
3.612327231482191626e-07
3.691217028125360936e-07
3.771048008830168689e-07
3.852077014089255020e-07
3.933944158051185595e-07
4.016914370559379140e-07
4.100595148139387259e-07
4.185255400436659751e-07
4.270470950848910179e-07
4.356510832321542851e-07
4.442920050339838987e-07
4.529964243443615539e-07
4.617158492130633672e-07
4.704761980497810136e-07
4.792260955570808703e-07
4.879905701033653568e-07
4.967155119169344326e-07
5.054248958084504417e-07
5.140620899217775627e-07
5.226499567589656983e-07
5.311296457784667433e-07
5.395229803602954300e-07
5.477693160139662443e-07
5.558896714966493589e-07
5.638221858369131409e-07
5.715874982032196433e-07
5.791232907877145783e-07
5.864504640335399663e-07
5.935072080062432768e-07
6.003155569549148662e-07
6.068153884312410724e-07
6.130309735637138863e-07
6.189052601839319727e-07
6.244660623575168721e-07
6.296609405902070090e-07
6.345226959957289216e-07
6.390051170403423506e-07
6.431474605658373147e-07
6.469112908323446364e-07
6.503436425103233367e-07
6.534151352675096458e-07
6.561815249546399727e-07
6.586232382331174934e-07
6.608050311322409279e-07
6.627170574372737306e-07
6.644323739101386554e-07
6.659496392540361046e-07
6.673482394122962729e-07
6.686327180088427447e-07
6.698853507530305461e-07
6.711124402389310958e-07
6.723942516765236429e-07
6.737333688017992968e-07
6.752020151411585847e-07
6.767927603664835421e-07
6.785633835397976851e-07
6.804903248925726527e-07
6.826113763089864070e-07
6.848823592000577041e-07
6.873180104435481384e-07
6.898523810954105401e-07
6.924782642303560827e-07
6.951116886202480985e-07
6.977300467310229406e-07
7.002407490856559879e-07
7.026178214573919794e-07
7.047742846149591608e-07
7.066964374584333300e-07
7.083189261543693203e-07
7.096553729509194838e-07
7.106746270638695661e-07
7.114261332247110779e-07
7.119158619308119759e-07
7.122252065742176039e-07
7.123859146869527097e-07
7.124926066134351567e-07
7.125777480687546461e-07
7.127199151742164676e-07
7.129219478375895648e-07
7.132189547405310950e-07
7.135640109473314217e-07
7.139400757551989651e-07
7.142563467485537449e-07
7.144653864794562330e-07
7.144687805802872765e-07
7.142351562029744253e-07
7.137078599081694218e-07
7.129145455320828227e-07
7.118669542217524808e-07
7.106538865799210433e-07
7.093289534548940945e-07
7.079891182274728741e-07
7.066598045131619209e-07
7.053749695743341789e-07
7.040789400383928355e-07
7.027259034202792272e-07
7.012086037078369840e-07
6.994744626058333694e-07
6.974629774985907500e-07
6.952079128976408752e-07
6.927488207663449200e-07
6.901936654882517825e-07
6.876004504309367278e-07
6.850250983761832066e-07
6.824223790566770850e-07
6.797353331417864152e-07
6.768524740433788903e-07
6.737328517546227684e-07
6.703636169546084774e-07
6.668348791366575558e-07
6.632253865004952864e-07
6.596164111315197890e-07
6.559770582130996692e-07
6.522417451561290300e-07
6.482971067473203203e-07
6.441230162807008509e-07
6.397565531757428681e-07
6.353199660637531885e-07
6.308682060021368931e-07
6.263916128236928588e-07
6.217737475467076501e-07
6.169498905489779352e-07
6.119253503501375538e-07
6.068172460605252082e-07
6.016861066702546228e-07
5.965148679128687540e-07
5.911947537879861464e-07
5.857062474716091645e-07
5.801072255675539135e-07
5.744879895264924019e-07
5.688033218726770163e-07
5.629747155013589293e-07
5.569875363872695205e-07
5.509617612648556490e-07
5.449370900867938118e-07
5.388428950897548860e-07
5.325975254995768690e-07
5.262790483989388193e-07
5.199401198363145301e-07
5.135311199475479674e-07
5.070026264033841651e-07
5.004619832655235104e-07
4.939358514755571973e-07
4.873414398136908192e-07
4.806632071140269970e-07
4.739902167833733529e-07
4.672650571482396502e-07
4.604664506705152845e-07
4.536814623789069867e-07
4.469164079158253870e-07
4.401127002365115988e-07
4.333357231390716771e-07
4.265421849007102601e-07
4.197155698155769190e-07
4.129042812624022470e-07
4.060820422382971453e-07
3.992799111130075962e-07
3.925462971047083786e-07
3.858263751373345741e-07
3.791543255645663812e-07
3.724846765934291446e-07
3.658451203235591113e-07
3.592264199919600741e-07
3.526410498167397735e-07
3.461278200232629887e-07
3.396913699683696586e-07
3.333297245377260410e-07
3.270173805863065162e-07
3.207517464144369067e-07
3.145337928885691029e-07
3.083630493702430103e-07
3.022581006195050195e-07
2.962543525438647479e-07
2.903553297560807305e-07
2.845469592674277008e-07
2.788122121290712744e-07
2.731368382148503179e-07
2.675293169855878119e-07
2.619840356891368935e-07
2.565297808004714180e-07
2.511977045072441010e-07
2.459848355976835991e-07
2.408697241191598177e-07
2.358362239270346102e-07
2.308699806967714289e-07
2.259791696735685066e-07
2.211579506466205627e-07
2.164450963696860287e-07
2.118621520942141945e-07
2.074018167535999862e-07
2.030337461076953111e-07
1.987461601138898760e-07
1.945278155477522755e-07
1.903821285917438657e-07
1.863051442414814891e-07
1.823437632946143863e-07
1.785138051832736176e-07
1.748025734795204060e-07
1.711716363923002081e-07
1.676096686576059831e-07
1.641109545350552526e-07
1.606737665372246893e-07
1.573003994709959564e-07
1.540436163860111083e-07
1.509106791062495571e-07
1.478846607336170500e-07
1.449246394552790939e-07
1.420193394214651798e-07
1.391663921171592508e-07
1.363578015730015383e-07
1.336083646172349315e-07
1.309735112801609830e-07
1.284452429718458336e-07
1.260062371928843935e-07
1.236201093551254613e-07
1.212713747935356776e-07
1.189626123638421025e-07
1.166842365674788123e-07
1.144609434686901701e-07
1.123446673899233860e-07
1.103164572923745943e-07
1.083550757885104621e-07
1.064302665335358952e-07
1.045310286341295951e-07
1.026605731851725541e-07
1.008072292442318596e-07
9.900975433904793161e-08
9.730293482806400834e-08
9.566661740185903822e-08
9.407111868411719806e-08
9.250038600955266395e-08
9.095096840664914391e-08
8.942000252951918934e-08
8.789512793748478132e-08
8.642389425305900031e-08
8.502878887656064666e-08
8.368839159010128226e-08
8.236880977509076959e-08
8.106314763651524963e-08
7.977809459075219533e-08
7.850210056623848375e-08
7.722615784002379582e-08
7.600074499170215574e-08
7.483345152651996876e-08
7.370445267498405961e-08
7.258360194227485900e-08
7.146973116718001216e-08
7.037528868955377848e-08
6.927836083656051212e-08
6.818073531451192120e-08
6.713081601819111943e-08
6.611623978055657202e-08
6.512557643890108753e-08
6.414107380093089462e-08
6.315915318165802347e-08
6.219755301996612029e-08
6.122999723222851057e-08
6.026623128371578604e-08
5.934554489199478725e-08
5.844574224216154133e-08
5.755991383220598225e-08
5.668055956511876801e-08
5.580581615959113639e-08
5.495118327340735501e-08
5.408675065788208555e-08
5.323379644146526713e-08
5.240890387979063144e-08
5.159762340508385098e-08
5.078894815092235425e-08
4.998734708639229593e-08
4.919299294422851543e-08
4.841301479653287864e-08
4.761833948040809219e-08
4.683353895296106055e-08
4.605822770626872807e-08
4.528556678320554709e-08
4.450350594693154028e-08
4.372088891258933575e-08
4.294240245469073783e-08
4.216803766793491058e-08
4.137782177419488429e-08
4.059649852103870702e-08
3.981741858533575159e-08
3.904455655165543324e-08
3.827397518078834101e-08
3.751737264094935193e-08
3.678491016855393095e-08
3.607235725894243047e-08
3.537014941086087786e-08
3.469589090347208244e-08
3.403516263416855694e-08
3.339396858606613699e-08
3.276910452214721401e-08
3.216134839274682823e-08
3.157588449519440710e-08
3.100119846263006397e-08
3.042987985971123019e-08
2.986927355571570355e-08
2.930754009039059064e-08
2.875265894336357206e-08
2.820623113194475950e-08
2.766933628099145650e-08
2.714859473386056091e-08
2.663487575207644093e-08
2.612609495260087238e-08
2.561883678286407041e-08
2.510848275008085171e-08
2.459797103168517684e-08
2.408960390261413602e-08
2.358278989177630039e-08
2.308276560679422037e-08
2.258584733804706283e-08
2.209369918858785818e-08
2.160291954404713346e-08
2.111643987902922601e-08
2.063675669772572808e-08
2.016419281825738458e-08
1.969585251184080338e-08
1.923300188381659167e-08
1.877255671707971269e-08
1.831201135353423995e-08
1.784929653473598085e-08
1.738986921165716541e-08
1.693863790451531002e-08
1.649677131225386052e-08
1.606253845657302423e-08
1.563729107333467968e-08
1.522032505154464914e-08
1.480720769445990148e-08
1.439687101120707312e-08
1.398974961836017809e-08
1.358641220141251420e-08
1.318693588123745621e-08
1.279354234263972786e-08
1.241281147607171249e-08
1.204454336962913706e-08
1.168112940630058714e-08
1.132192207667747758e-08
1.096783927824822145e-08
1.062188915302262647e-08
1.028375803215247592e-08
9.949531318867408337e-09
9.620825842682931195e-09
9.298527176785643549e-09
8.983237565597081610e-09
8.679470865618265024e-09
8.386082712019810790e-09
8.099948049386479035e-09
7.818601579306851882e-09
7.540820443433892576e-09
7.269011113620651110e-09
7.002210711436899181e-09
6.744029088202098335e-09
6.496903606667243739e-09
6.258693761386871512e-09
6.026587204847082251e-09
5.798298862525879560e-09
5.573620610850824391e-09
5.358778480734732662e-09
5.152145489841194358e-09
4.950102580019969394e-09
4.753117977501188615e-09
4.564237439462801737e-09
4.381252795807263845e-09
4.202848407614347388e-09
4.031170085859787777e-09
3.866440002506799941e-09
3.707468324728339517e-09
3.554303385922158011e-09
3.405292260625689415e-09
3.260328892432383598e-09
3.121092756181853731e-09
2.987659694988079486e-09
2.859303435981807904e-09
2.735663623023541220e-09
2.615428196649912087e-09
2.503149593320124741e-09
2.393918930467239929e-09
2.286839555134915347e-09
2.185334723311529773e-09
2.087465188467013371e-09
1.992412886298558665e-09
1.900923488966130241e-09
1.814372356949148396e-09
1.732662688802560814e-09
1.654611830886067209e-09
1.578962939143048703e-09
1.505708843378171259e-09
1.434142624791685297e-09
1.365176857257259451e-09
1.298980398442150403e-09
1.237955022620285750e-09
1.179422082105512984e-09
1.125016722108566903e-09
1.071716041853482868e-09
1.019061872196324432e-09
9.673164972310954587e-10
9.172697720430910178e-10
8.705067592591724596e-10
8.271456595169594901e-10
7.865859138233624316e-10
7.483060565030108279e-10
7.105162291390196510e-10
6.727200307899756401e-10
6.352502990688831570e-10
5.990048729605721402e-10
5.653457790126256625e-10
5.348201373995792006e-10
5.065130605668609023e-10
4.790193723913943007e-10
4.517662596732992983e-10
4.244327160077475213e-10
3.969357724450864911e-10
3.704313201569406352e-10
3.461020057577115675e-10
3.246247938174753350e-10
3.044212435069234156e-10
2.844729355272210849e-10
2.647086219408051998e-10
2.449917785581521424e-10
2.250121462810692432e-10
2.059170276502956070e-10
1.892642493826096956e-10
1.746682859576392105e-10
1.608616186320067438e-10
1.472770343516709919e-10
1.341061431129114388e-10
1.213077176093604209e-10
1.083413156604213765e-10
9.655786918357822721e-11
8.724223308228917179e-11
7.941765787762395410e-11
7.210356649921606774e-11
6.518426900595481216e-11
5.906693189698687720e-11
5.346375297619583938e-11
4.755207330992345118e-11
4.303426313376239231e-11
4.038671842703732373e-11
3.877509396224467139e-11
3.713433339901431666e-11
3.555849560646960765e-11
3.455119577808932816e-11
3.346748274468250604e-11
3.160123818771888511e-11
3.067801386753503977e-11
3.031896100913095563e-11
3.008801106562990417e-11
2.918015655531305010e-11
2.775651442681923166e-11
2.644405886334793895e-11
2.439329543675112575e-11
2.155302729014889803e-11
1.955081692762640703e-11
1.754988546472819017e-11
1.570540435459526436e-11
1.377784475605549816e-11
1.176354755009232524e-11
1.044680567855226122e-11
8.988947434295718510e-12
7.664593002126147680e-12
7.454398263052780842e-12
7.484157440374603711e-12
7.726243784136697129e-12
7.961422531134835562e-12
7.986465193599045040e-12
8.204098823214903725e-12
7.660613316508753835e-12
7.006802527335835503e-12
6.417082242331450518e-12
5.719114704911014251e-12
4.797908224035479017e-12
3.957488526807229988e-12
3.255174552978563844e-12
3.014665429517415383e-12
2.619849574808540148e-12
2.694916916567851934e-12
2.981452741501884000e-12
3.323722056549345348e-12
3.348612740216740397e-12
3.136893361672566041e-12
2.754536194795157363e-12
2.308538238635568296e-12
1.603035424254759127e-12
1.290595892030211561e-12
1.203417323279967790e-12
1.394764157805572295e-12
1.586695186636185892e-12
1.695932141095979746e-12
1.710858054615288486e-12
1.482159386188202688e-12
1.008108382709469019e-12
7.713507392691697558e-13
6.485387949384842503e-13
7.627182645529747479e-13
9.445392656016018678e-13
9.940390553310648765e-13
9.477031289775018906e-13
6.959540739766747984e-13
4.125147768974949780e-13
3.959158935756384611e-13
5.036722805988074323e-13
6.426390151332446734e-13
6.393297872512518270e-13
4.382561431633815617e-13
3.007653437527303703e-13
2.445203277818852797e-13
3.608925260498628777e-13
4.530218772843307959e-13
3.820201442918801467e-13
2.044033182439271902e-13
1.606982829159501893e-13
2.471125973384113570e-13
3.448528916394898586e-13
2.272839155869605773e-13
1.141196198227837130e-13
1.367635485215355660e-13
2.442177299413283737e-13
2.010519437676035109e-13
8.932582561008771682e-14
9.257460140938247347e-14
1.935862223008131581e-13
1.359085358349619021e-13
5.701718409582746082e-14
9.626713648194886592e-14
1.517714373752668185e-13
6.300113060983307046e-14
4.995128745653914380e-14
1.181909726080727931e-13
7.408833903065642751e-14
2.321740857225965320e-14
1.029037442369131084e-13
5.203515475074815708e-14
2.604522195593332941e-14
8.387422227545529379e-14
3.097089416496169162e-14
3.142808978194550602e-14
7.125021193412125295e-14
1.136654405860088178e-15
6.371965796751150561e-14
1.658194033199787519e-14
3.222026453712820576e-14
3.618448218034865229e-14
1.155693064957519259e-14
4.120900845187547157e-14
5.481185286885655529e-15
3.654175325391597458e-14
5.914106665331582674e-15
2.956745273447247211e-14
7.356878601280221853e-15
2.353331382755879725e-14
8.099300085521032049e-15
1.897991317114462122e-14
8.087379054640944688e-15
1.560441777284822890e-14
7.619868572715978643e-15
1.303916187752739902e-14
6.943713160135559042e-15
1.102380884192348326e-14
6.204735107584206579e-15
9.395112200462390161e-15
5.478130078565720437e-15
8.051438891590024034e-15
4.799093832644194455e-15
6.926977311338240296e-15
4.181799579427634385e-15
5.976724064569343354e-15
3.629722609228599412e-15
5.168224872855755466e-15
3.141042649341351407e-15
4.477006937065787202e-15
2.711456028292111812e-15
3.883965380746037517e-15
2.335646589992745459e-15
3.373795471673343332e-15
2.008055850312790540e-15
2.934002315529907379e-15
1.723280474367022134e-15
2.554242771708409006e-15
1.476267974988315584e-15
2.225867291665657824e-15
1.262401780203039226e-15
1.941587679470272886e-15
1.077525481164103503e-15
1.695227740065955230e-15
9.179340810919177604e-16
1.481530777529783733e-15
7.803480480540894960e-16
1.296007561987349842e-15
6.618792404390344801e-16
1.134814062749594262e-15
5.599939155332853933e-16
9.946517008948593466e-16
4.724757806998065045e-16
8.726850486574901741e-16
3.973907154915605332e-16
7.664733150093083647e-16
3.330540001691184443e-16
6.739129034583987586e-16
2.780004127692966084e-16
5.931889807517914116e-16
2.309572777498969422e-16
5.227344583963106651e-16
1.908203876505773424e-16
4.611951257644789601e-16
1.566326305952511064e-16
4.073999244997542967e-16
1.275651122067833968e-16
3.603355446087248602e-16
1.029005438106195049e-16
3.191246704835902673e-16
8.201866810354187924e-17
2.830073214205894222e-16
6.438350288560429066e-17
2.513248240183149922e-16
4.953219742473023839e-17
2.235060289168308998e-16
3.706531313523077121e-17
1.990554456399029934e-16
2.663835764347143619e-17
1.775430196386454697e-16
1.795441891360988450e-17
1.585953176219941673e-16
1.075776260764255928e-17
1.418879220440803331e-16
4.828271304832514087e-18
1.271388650634817703e-16
-2.338156094533409348e-20
1.141029568337154628e-16
-3.959917429492955765e-18
1.025668840276020529e-16
-7.121080841083460491e-18
9.234497209457580161e-17
-9.626782781723929428e-18
8.327551992972660639e-17
-1.157982255954486779e-17
7.521762838266910166e-17
-1.306824368873212184e-17
6.804845517048422929e-17
-1.416737207882520533e-17
6.166083797045214942e-17
-1.494157864203440252e-17
5.596123571508334299e-17
-1.544580297155383134e-17
5.086794486859250713e-17
-1.572686993052487976e-17
4.630955351509171268e-17
-1.582462687768854535e-17
4.222360110384630777e-17
-1.577292554396420984e-17
3.855541616753483285e-17
-1.560046946011248533e-17
3.525710803417140764e-17
-1.533154503451434096e-17
3.228669189619159659e-17
-1.498665198722083167e-17
2.960732931037623317e-17
-1.458304675488331251e-17
2.718666873917019065e-17
-1.413521067076089639e-17
2.499627270068379722e-17
-1.365525312497709455e-17
2.301112004259048188e-17
-1.315325856390304753e-17
2.120917328576455367e-17
-1.263758498560459125e-17
1.957100241875210117e-17
-1.211512056478581002e-17
1.807945763459694364e-17
-1.159150413692212806e-17
1.671938453807234363e-17
-1.107131450371922689e-17
1.547737619743728135e-17
-1.055823285315306395e-17
1.434155718348627805e-17
-1.005518200469319061e-17
1.330139537850044518e-17
-9.564445671816815487e-18
1.234753790722326292e-17
-9.087770532068825953e-18
1.147166801763279826e-17
-8.626453472953432268e-18
1.066638017488708177e-17
-8.181416100370933111e-18
9.925070986168325475e-18
-7.753268277334208212e-18
9.241843891040969166e-18
-7.342362244701881376e-18
8.611425828892568982e-18
-6.948838635248775507e-18
8.029094334574172091e-18
-6.572665547450161000e-18
7.490613699717435693e-18
-6.213671647921724573e-18
6.992179048535885823e-18
-5.871574161525192194e-18
6.530367294729725013e-18
-5.546002482804345206e-18
6.102094107825564445e-18
-5.236518038638133173e-18
5.704576114845244675e-18
-4.942630944988175869e-18
5.335297675497417293e-18
-4.663813926903055252e-18
4.991981644712911423e-18
-4.399513900787478129e-18
4.672563627843808440e-18
-4.149161571635874629e-18
4.375169279257325273e-18
-3.912179332997677847e-18
4.098094271583106383e-18
-3.687987732523319888e-18
3.839786597705041317e-18
-3.476010715445104744e-18
3.598830917307435236e-18
-3.275679839416250094e-18
3.373934697945654036e-18
-3.086437616549661439e-18
3.163915927206239938e-18
-2.907740122426064925e-18
2.967692207184714132e-18
-2.739058988349300112e-18
2.784271064200720804e-18
-2.579882879049881812e-18
2.612741321921578729e-18
-2.429718538633474526e-18
2.452265420261500522e-18
-2.288091479982722794e-18
2.302072561248813712e-18
-2.154546377545013446e-18
