# bin_5_2
2.021951398411929128e-07
-1.896953417312766820e-07
1.899206944987379216e-07
-1.786358380769769582e-07
1.784192908626473090e-07
-1.682082339314433188e-07
1.676393856870600319e-07
-1.583775538523202430e-07
1.575333396662555202e-07
-1.491104261434048484e-07
1.480570966771265466e-07
-1.403750334234313190e-07
1.391698972335818737e-07
-1.321410559622277931e-07
1.308340225888239456e-07
-1.243796083255478093e-07
1.230145663800492382e-07
-1.170631708581861894e-07
1.156792314660084147e-07
-1.101655168088229865e-07
1.087981495973527182e-07
-1.036616353793976027e-07
1.023437217071750097e-07
-9.752765213466876883e-08
9.629047752720769980e-08
-9.174074637139568344e-08
9.061495223327741890e-08
-8.627906645131237833e-08
8.529557910254610305e-08
-8.112164386083171492e-08
8.031259600191797657e-08
-7.624830601806490378e-08
7.564796446470673817e-08
-7.163958972035054377e-08
7.128529892460119553e-08
-6.727665577745208251e-08
6.720980405435507834e-08
-6.314120722695475487e-08
6.340821707074690566e-08
-5.921541341456440788e-08
5.986875161788098315e-08
-5.548184338871249170e-08
5.658103855125530326e-08
-5.192341302635862350e-08
5.353605824194771102e-08
-4.852335149320730035e-08
5.072605730600551039e-08
-4.526519397799402875e-08
4.814444194501906438e-08
-4.213280920090905450e-08
4.578563796895323908e-08
-3.911047142480846232e-08
4.364490711899216602e-08
-3.618298759617353180e-08
4.171810775842610229e-08
-3.333589115122845824e-08
4.000138892952103899e-08
-3.055571274168805513e-08
3.849080753682554507e-08
-2.783033604440734963e-08
3.718186267755298096e-08
-2.514944181143471412e-08
3.606894734393067062e-08
-2.250503425768116329e-08
3.514472894495223305e-08
-1.989203152320283523e-08
3.439948547052416343e-08
-1.730888261065253646e-08
3.382044589354170064e-08
-1.475814938945844850e-08
3.339121038973773784e-08
-1.224696215196533391e-08
3.309135790016430611e-08
-9.787224682069792217e-09
3.289638112480803954e-08
-7.395413486488816658e-09
3.277811655697756032e-08
-5.091794784876917558e-09
3.270584885736737757e-08
-2.898884300818824380e-09
3.264825003095610536e-08
-8.390158858051885014e-10
3.257624597559566293e-08
1.069015061535105782e-09
3.246676576213975504e-08
2.814089529391867488e-09
3.230710873289370323e-08
4.397276867319690645e-09
3.209936059978973820e-08
5.835977078276558195e-09
3.186393388814377254e-08
7.166593658735640300e-09
3.164097858395738295e-08
8.444369379222256662e-09
3.148824606810832725e-08
9.739009682315006060e-09
3.147419150098160626e-08
1.112518698926349384e-08
3.166588738738543706e-08
1.266816480664287833e-08
3.211284128047723569e-08
1.440665868651186551e-08
3.282998298050498221e-08
1.633739274772195247e-08
3.378540164131935582e-08
1.840782906621237048e-08
3.489979425631563276e-08
2.052389304118921838e-08
3.606347893344629254e-08
2.257657270065154242e-08
3.717177010031919057e-08
2.448403112170958122e-08
3.817032962933834553e-08
2.623539186079921646e-08
3.909146167305091792e-08
2.791316716718508690e-08
4.005662103032493847e-08
2.967133152208679397e-08
4.122824574839370301e-08
3.166309611417220081e-08
4.272040321780498083e-08
3.394634032318269552e-08
4.451496982473746376e-08
3.642853873912989636e-08
4.645194293453209857e-08
3.891358333927994997e-08
4.833394353901337281e-08
4.125187630085927821e-08
5.009549937980145708e-08
4.349086198702087890e-08
5.189237872352716630e-08
4.586731062334992510e-08
5.398044029783139451e-08
4.858698175920915748e-08
5.644543612718824411e-08
5.158249141524762478e-08
5.907584620632879824e-08
5.456703686882710474e-08
6.161036015562531317e-08
5.741472772088577032e-08
6.412091885745099184e-08
6.038502392918533455e-08
6.695204464325995841e-08
6.375646919606070383e-08
7.017456342499174798e-08
6.734643404188961641e-08
7.343552243703584384e-08
7.082678222604363891e-08
7.663079635155572509e-08
7.440335527054119700e-08
8.016501799926432802e-08
7.842367997972046149e-08
8.408235883187878642e-08
8.258675335376521721e-08
8.795723876806688577e-08
8.669028076328993705e-08
9.199927026483619542e-08
9.119861393920195792e-08
9.651674976389805911e-08
9.597125610808919456e-08
1.010546116490935954e-07
1.007180656897267924e-07
1.058204662105076856e-07
1.059334431157843137e-07
1.110261294393707689e-07
1.112948275381450580e-07
1.162380546980005134e-07
1.168551000730638331e-07
1.219391309169323156e-07
1.228447040987974705e-07
1.277812072660799761e-07
1.289113937968103835e-07
1.340010514405900469e-07
1.354896923005116447e-07
1.404900366527739157e-07
1.421742230644457091e-07
1.473465508089451956e-07
1.493767377446688571e-07
1.544823905351650826e-07
1.567636530047541828e-07
1.620840991956915033e-07
1.646181166521786783e-07
1.699212191588434040e-07
1.728346423683362448e-07
1.782890389496002675e-07
1.813747085690499895e-07
1.870143611511562014e-07
1.904449977464019636e-07
1.961225503206233821e-07
1.999169167608847094e-07
2.057677564112483743e-07
2.097933155174374017e-07
2.158971435024462397e-07
2.201900060892991734e-07
2.264819262468073474e-07
2.311308117844536861e-07
2.375789422785817918e-07
2.426033100494783756e-07
2.492404226043047731e-07
2.546228697558169396e-07
2.614928415747849940e-07
2.672237406948549494e-07
2.743568417098288086e-07
2.804415369539164897e-07
2.878577616978187919e-07
2.943093629094286315e-07
3.020256297353247978e-07
3.088596287348569874e-07
3.168932540571516148e-07
3.241256949688699300e-07
3.324952548036728893e-07
3.401425377862249468e-07
3.488678473044863731e-07
3.569469367748327384e-07
3.660488973481925811e-07
3.745775333182666023e-07
3.840780322140568627e-07
3.930748782100963302e-07
4.029967496490426038e-07
4.124814919930159594e-07
4.228485179360071128e-07
4.328419369671191227e-07
4.436788702133881832e-07
4.542028967219916150e-07
4.655354960477008112e-07
4.766132600846979986e-07
4.884683318007075109e-07
5.001242074576233359e-07
5.125296502504934226e-07
5.247892980699985619e-07
5.377741492318343930e-07
5.506645568745686569e-07
5.642590385912392701e-07
5.778085597710006471e-07
5.920441243785816708e-07
6.062825156763900248e-07
6.211918888246390758e-07
6.361503436829423520e-07
6.517675642728037128e-07
6.674787431832091353e-07
6.838391987762800900e-07
7.003372543883481169e-07
7.174777105623975253e-07
7.347983061184631011e-07
7.527569279415771189e-07
7.709372470799001010e-07
7.897536105139466710e-07
8.088323560595552509e-07
8.285474466597633239e-07
8.485648255280771877e-07
8.692210212820073330e-07
8.902187120367988962e-07
9.118597465614104653e-07
9.338808454891815812e-07
9.565517470739428629e-07
9.796406878412305665e-07
1.003387688965273259e-06
1.027590129996244997e-06
1.052460540953802181e-06
1.077823213594448259e-06
1.103865252709165080e-06
1.130435762005865632e-06
1.157698333594301118e-06
1.185524902107628703e-06
1.214057311846738597e-06
1.243188455319430693e-06
1.273040050983707158e-06
1.303524172897183976e-06
1.334743896544688240e-06
1.366628786621509147e-06
1.399264622247852516e-06
1.432596841815647127e-06
1.466695140276588256e-06
1.501519275133223756e-06
1.537123935821478568e-06
1.573481694900786647e-06
1.610633181319914460e-06
1.648562317152046835e-06
1.687296481299201439e-06
1.726829506143850778e-06
1.767176194666973685e-06
1.808338864490162151e-06
1.850320278191521101e-06
1.893129815664375986e-06
1.936758593431673260e-06
1.981221621263663734e-06
2.026498620407801966e-06
2.072608778140795659e-06
2.119520526023692695e-06
2.167255747615528331e-06
2.215771545176525942e-06
2.265090982198826404e-06
2.315159649534339231e-06
2.366000236716426283e-06
2.417546505473288308e-06
2.469819182994222253e-06
2.522739761461657656e-06
2.576325393393870644e-06
2.630484759501322735e-06
2.685229821907058999e-06
2.740455838672060034e-06
2.796167995898731666e-06
2.852247495069970857e-06
2.908691240560263358e-06
2.965365784899831042e-06
3.022258394742269275e-06
3.079220508673403002e-06
3.136228642778715998e-06
3.193118894966697639e-06
3.249856281326940868e-06
3.306261709285839652e-06
3.362288458080180389e-06
3.417742939336338067e-06
3.472567148997084255e-06
3.526554436713228140e-06
3.579636861801325553e-06
3.631597100318166489e-06
3.682359732892537815e-06
3.731700328133810575e-06
3.779539773632246301e-06
3.825651483440822986e-06
3.869957952671519404e-06
3.912236941601248191e-06
3.952419486031823252e-06
3.990295807116988247e-06
4.025814040659143000e-06
4.058786506088722434e-06
4.089188425158055079e-06
4.116865052557247930e-06
4.141829636498991583e-06
4.163971766390092272e-06
4.183353786138565601e-06
4.199920554470437899e-06
4.213793463344860892e-06
4.224981643970419180e-06
4.233672682462191594e-06
4.239945158917606426e-06
4.244055116105176901e-06
4.246149721447930652e-06
4.246548570153958958e-06
4.245458254225278391e-06
4.243247718215704533e-06
4.240163657773582760e-06
4.236599447934676741e-06
4.232811627006248014e-06
4.229182427585584355e-06
4.225938159148707321e-06
4.223406098913097253e-06
4.221736345446189619e-06
4.221154707106328520e-06
4.221690445571733395e-06
4.223427660746690085e-06
4.226242037185959520e-06
4.230053756645187453e-06
4.234576526252854425e-06
4.239574824487052601e-06
4.244627669414144352e-06
4.249391572222558596e-06
4.253379311823176929e-06
4.256227081439490128e-06
4.257484939657058704e-06
4.256882568127440485e-06
4.254123747969442251e-06
4.249141055032132260e-06
4.241883331185120516e-06
4.232547683041425832e-06
4.221349011444659842e-06
4.208720533592800969e-06
4.195060483627840921e-06
4.180901848728648231e-06
4.166643899886292238e-06
4.152706583650793114e-06
4.139269827894781294e-06
4.126441565328940907e-06
4.114036636563913281e-06
4.101788631440244741e-06
4.089191053098816775e-06
4.075762133400408327e-06
4.060938405077611753e-06
4.044360775390727290e-06
4.025767561921121248e-06
4.005233797504626537e-06
3.982991842295609070e-06
3.959564407314637501e-06
3.935483238408968073e-06
3.911332001865389499e-06
3.887431974043587875e-06
3.863911001958319484e-06
3.840497386478938216e-06
3.816744485365060751e-06
3.792005988307970153e-06
3.765794596627529755e-06
3.737805736120460024e-06
3.708186978161517652e-06
3.677358823053173301e-06
3.646009065217683727e-06
3.614683608637615199e-06
3.583688526280042411e-06
3.552811097740892113e-06
3.521539400746606882e-06
3.489181197650191663e-06
3.455354045939031780e-06
3.420090732856773750e-06
3.383971479551012407e-06
3.347690487710345601e-06
3.311756254035305730e-06
3.276047928324887386e-06
3.239997640742314069e-06
3.202881508221092237e-06
3.164477634367307279e-06
3.125173243773879565e-06
3.085800066518944673e-06
3.046872960638565601e-06
3.008250148078144363e-06
2.969172485796834723e-06
2.929083231745042016e-06
2.888108201353165230e-06
2.847035711084495839e-06
2.806414743553185513e-06
2.766071841137777850e-06
2.725313730127740636e-06
2.683928467059892717e-06
2.642408286200628738e-06
2.601330229859523557e-06
2.560440898506847573e-06
2.519113187747016385e-06
2.477335098900395632e-06
2.435928280280392400e-06
2.395253494334997540e-06
2.354721964644619319e-06
2.313798584986940057e-06
2.272981957808063682e-06
2.232714742198691201e-06
2.192571297108027133e-06
2.152264783559898482e-06
2.112527241044995371e-06
2.073604145450621568e-06
2.034806823311014680e-06
1.996062380555338675e-06
1.957954871673447541e-06
1.920108377759558420e-06
1.882296077947116902e-06
1.845207642874652693e-06
1.808837041692220897e-06
1.772785758466270672e-06
1.737438289918643190e-06
1.702508260512951193e-06
1.667811872241454594e-06
1.633722373368025518e-06
1.599975682209533310e-06
1.566847368938686636e-06
1.534630334737465866e-06
1.502935250392991323e-06
1.471924707726210886e-06
1.441281066390647362e-06
1.411142870432571471e-06
1.381454560264457394e-06
1.352239300860502034e-06
1.323824427566629172e-06
1.296177950375313131e-06
1.269290456172149248e-06
1.242896439313419017e-06
1.216982743409057972e-06
1.191500307560083699e-06
1.166449731954208499e-06
1.141913791943519926e-06
1.118189405145287268e-06
1.095235200436952227e-06
1.072954898037434848e-06
1.051156394047632467e-06
1.029739554147893413e-06
1.008719611350227227e-06
9.880584603395284917e-07
9.679264069462608965e-07
9.485827372663788026e-07
9.299483068201139045e-07
9.118737374165898903e-07
8.941907142497357377e-07
8.768061096283260176e-07
8.597410508781696054e-07
8.429536551041840315e-07
8.266989557234039148e-07
8.111554129595053689e-07
7.962275289223234921e-07
7.817057408713181579e-07
7.674791531124405918e-07
7.534881830411341226e-07
7.397215224767218138e-07
7.261447405256414409e-07
7.130728423802710523e-07
7.006354000426285166e-07
6.887124861696841475e-07
6.770520598026744627e-07
6.655739190542735025e-07
6.542731401136384728e-07
6.430993461623344911e-07
6.320514783195129109e-07
6.214769366014382652e-07
6.114319945684301493e-07
6.017865967393295094e-07
5.922986115681633045e-07
5.829179056171653629e-07
5.736746762214482369e-07
5.644648471681125547e-07
5.553609182954512457e-07
5.467109525443968787e-07
5.384483549660752410e-07
5.304677649856657709e-07
5.225902964462277941e-07
5.147523671616847563e-07
5.070208852087634765e-07
4.992669681051521090e-07
4.916090791821394935e-07
4.843494191129421848e-07
4.773494586489266735e-07
4.705099545093216931e-07
4.637206941668387053e-07
4.569586248726925085e-07
4.502867662150081026e-07
4.435502486592478845e-07
4.369504867997831941e-07
4.306518712454468737e-07
4.245415055329140827e-07
4.184900282244628637e-07
4.124925473986962223e-07
4.065674684530012610e-07
4.007272777060378922e-07
3.948124438492709084e-07
3.890577891373995348e-07
3.835276983906161336e-07
3.781324605421554967e-07
3.727365174946849819e-07
3.673754153423769003e-07
3.621075151583126184e-07
3.568771833072880970e-07
3.515517787724499350e-07
3.463564318851242403e-07
3.412636629305447537e-07
3.362284117365828621e-07
3.311577787131834197e-07
3.261028108185943099e-07
3.211460383087468591e-07
3.161765391346478594e-07
3.111315681666846798e-07
3.061968778981029750e-07
3.012553357969661045e-07
2.963177102582233412e-07
2.913504507221555311e-07
2.863644726747077477e-07
2.814590672176436177e-07
2.765117788745588414e-07
2.715123118083111995e-07
2.665893690337717803e-07
2.616361125337188849e-07
2.567015476664586147e-07
2.518055158723768738e-07
2.469625365697437652e-07
2.422631574277304797e-07
2.375867091047589423e-07
2.329818739359037274e-07
2.284677221904222996e-07
2.240152401825448992e-07
2.196386595275430841e-07
2.153827198352677160e-07
2.112444099489033600e-07
2.072729008417311170e-07
2.033643387749660894e-07
1.995617712623328142e-07
1.958203936985548069e-07
1.921490513834142632e-07
1.885434202128216713e-07
1.850341272170096808e-07
1.816143147000627800e-07
1.783020357805867317e-07
1.750293592555013248e-07
1.718080363617522312e-07
1.685755628931755034e-07
1.653597671439323332e-07
1.621675543251779040e-07
1.590147933970612938e-07
1.558980246435167035e-07
1.528259507317646527e-07
1.497701542943541134e-07
1.467327690802869214e-07
1.436838844440458333e-07
1.406556752192561440e-07
1.376503621092054512e-07
1.346616750787263431e-07
1.316848014173230187e-07
1.287290341867819137e-07
1.257765857924564492e-07
1.228101053415017504e-07
1.198356328319478764e-07
1.168851599093769794e-07
1.139721401843902066e-07
1.110959788854455512e-07
1.082490706094130686e-07
1.054430159242558175e-07
1.026600129930002272e-07
9.987048878758389054e-08
9.708521701331384105e-08
9.432181590645456480e-08
9.158737297372273636e-08
8.888722684819259462e-08
8.623620514574084086e-08
8.366113660059530307e-08
8.113224152275791320e-08
7.862965385041125401e-08
7.615360279443373023e-08
7.371507179215921623e-08
7.131372215846865109e-08
6.894775438515561940e-08
6.662129532118127112e-08
6.435861034555873973e-08
6.214288451100255489e-08
5.998628648679453031e-08
5.789324177023486715e-08
5.586353414724665924e-08
5.387813025826968566e-08
5.191781093689166937e-08
4.998598187546481809e-08
4.809990997971103141e-08
4.626004685236106251e-08
4.450193893163112103e-08
4.282029141383464127e-08
4.119886557985350733e-08
3.961380261643720357e-08
3.804660653765995680e-08
3.651529179815367674e-08
3.504139013271404315e-08
3.361454631930920746e-08
3.224455661679370815e-08
3.092815034366627294e-08
2.966287176219042569e-08
2.843276113325993866e-08
2.723030132038368383e-08
2.607628176564486167e-08
2.497220742585117769e-08
2.390903743839164051e-08
2.287874933613155397e-08
2.187975824138314830e-08
2.091649038426270452e-08
1.999643115151742658e-08
1.911515222399032059e-08
1.826973780950184680e-08
1.745539531227557378e-08
1.667913375026683402e-08
1.593537929088696465e-08
1.520238157357153174e-08
1.449566804899373856e-08
1.383259843759372587e-08
1.319880334359526024e-08
1.258462577163674246e-08
1.199510989738358587e-08
1.144316217896906764e-08
1.091841816320396715e-08
1.040401795224627181e-08
9.908458985628844470e-09
9.438725751484017053e-09
8.982531275318395872e-09
8.539431629068517880e-09
8.127343620006497271e-09
7.740380756496532534e-09
7.378134432448500236e-09
7.034061382402599392e-09
6.693236830209873589e-09
6.361866868275518249e-09
6.036429089270140380e-09
5.722482846341727516e-09
5.440519533495024122e-09
5.174922432953985654e-09
4.933500718680478049e-09
4.705979909761705116e-09
4.472752683938305986e-09
4.241051368427610774e-09
4.010719432490313804e-09
3.796015062011714215e-09
3.602682650023862743e-09
3.429287109675491259e-09
3.269946338006842652e-09
3.117186303647976233e-09
2.958323629033463872e-09
2.798302553544468646e-09
2.637743457319084204e-09
2.492527349012828034e-09
2.363570609141518010e-09
2.253038402685202611e-09
2.145685898635163360e-09
2.040869657280079124e-09
1.933845562048105367e-09
1.824662579755400728e-09
1.713708779475597284e-09
1.613935201264850800e-09
1.531186303791949600e-09
1.460118609458238400e-09
1.386730371329503433e-09
1.313531881658953951e-09
1.241646587932283860e-09
1.167003909073907661e-09
1.089258155759432630e-09
1.022038208040675074e-09
9.683396793593633077e-10
9.204739039917933410e-10
8.690010570774433700e-10
8.173892222028876918e-10
7.690250136849534359e-10
7.165416813596949101e-10
6.611028436366634335e-10
6.179596480255631975e-10
5.811304116482839339e-10
5.471404709133075467e-10
5.111878374781108396e-10
4.744341805134437171e-10
4.417022551914792320e-10
4.045156390521563603e-10
3.663022233281019799e-10
3.393638494693724171e-10
3.147048932810258858e-10
2.911966039638929112e-10
2.669799915792701302e-10
2.429876651682328673e-10
2.230707977559544420e-10
1.981386969542331736e-10
1.762163167795656984e-10
1.611773945336333037e-10
1.484043322847146289e-10
1.350254710849248248e-10
1.223294855439202236e-10
1.111816550077620462e-10
1.029734904444710064e-10
9.029191662135049500e-11
8.211258228070421163e-11
7.734751762103906566e-11
7.469239195544659223e-11
7.072504809211444072e-11
6.689172397722450063e-11
6.478245960160719212e-11
6.329713154448546857e-11
5.814507540727214688e-11
5.666622430589161785e-11
5.538028766234141513e-11
5.482062680401778850e-11
5.261005725861691383e-11
4.942575331608132672e-11
4.739817852453378704e-11
4.404363323324265129e-11
3.840698239008515081e-11
3.559731162800156706e-11
3.186378670669068794e-11
2.873134894526779882e-11
2.548000914491777577e-11
2.168733637931630547e-11
1.981662045519041767e-11
1.731777908438676443e-11
1.479516114483589851e-11
1.457843820235672440e-11
1.429019464895906022e-11
1.442966535595999099e-11
1.468350284534452958e-11
1.432701612563307697e-11
1.483408938558562245e-11
1.368832306216988479e-11
1.263724910356916114e-11
1.156999721284751742e-11
1.038792776950530341e-11
8.740839537033541905e-12
7.404446650138093627e-12
6.118647059414799185e-12
5.839269540051696844e-12
5.072439937734445227e-12
5.235316995864839134e-12
5.546799544774814268e-12
6.023005466207652117e-12
5.934596346176823402e-12
5.570660350889516239e-12
4.878609076719367828e-12
4.204729904874074457e-12
3.049138491866628299e-12
2.592696133993665233e-12
2.376577067189356239e-12
2.640985230921954136e-12
2.884805130892857823e-12
3.033591402305664783e-12
3.005593704714914179e-12
2.645425720409100267e-12
1.890736759617647785e-12
1.518830459234223053e-12
1.283975990450320453e-12
1.442934536597911060e-12
1.703923903376773710e-12
1.773776149138333610e-12
1.671865464885484105e-12
1.273962048708197660e-12
8.296644881445667461e-13
7.871611055131268537e-13
9.334708592512763694e-13
1.142023912877366269e-12
1.128567554448589760e-12
8.131108736332141490e-13
5.768984536646938606e-13
4.896195778451658152e-13
6.671021971353821698e-13
7.985965206340923233e-13
6.756205810583760534e-13
3.993003201102669702e-13
3.280127327242778809e-13
4.594137001542774375e-13
5.940273296568009845e-13
4.155049769002346954e-13
2.357312121461049713e-13
2.672993375712601691e-13
4.257093131884057849e-13
3.581915767187907005e-13
1.820570191296645460e-13
1.854708617339801237e-13
3.338896892347083874e-13
2.482934874848700154e-13
1.190058537328855043e-13
1.803335181961837852e-13
2.626176179989101936e-13
1.236513576939572881e-13
1.017874096826253925e-13
2.063059381034363942e-13
1.340858213212933542e-13
5.769297581461855708e-14
1.758321035261855469e-13
9.836770213151390313e-14
5.602335265987661880e-14
1.443365221071278678e-13
6.169411701208147150e-14
6.156816348805645885e-14
1.217100765273666467e-13
1.325140639705519601e-14
1.084613747878280445e-13
3.548029415679521289e-14
5.858901679954396879e-14
6.431067234276802594e-14
2.556248989618590819e-14
7.090943185924359820e-14
1.513233427723383747e-14
6.275523800949770985e-14
1.486196143787099019e-14
5.117816792709384539e-14
1.627752527170146581e-14
4.115483982402653187e-14
1.672998921900699812e-14
3.350376159341852758e-14
1.611921364475994372e-14
2.774803649642641138e-14
1.489026201767000182e-14
2.331204198874326617e-14
1.341095738076162566e-14
1.978616158895131212e-14
1.189555648738326970e-14
1.691107319382784806e-14
1.045124606618755386e-14
1.452317059133264440e-14
9.124948566416233661e-15
1.251483422081193893e-14
7.932290431080630658e-15
1.081125760356931251e-14
6.873314550535840502e-15
9.357656186567569746e-15
5.940656899765330787e-15
8.112156666251876770e-15
5.123763762211313167e-15
7.041698419211891971e-15
4.411064169159041509e-15
6.119551318325550010e-15
3.791078638988060583e-15
5.323729747023488449e-15
3.252966070544837040e-15
4.635925154918430659e-15
2.786769648114913314e-15
4.040753005056421983e-15
2.383500423320217436e-15
3.525199570670986005e-15
2.035133976671838905e-15
3.078201681873154458e-15
1.734561963996086706e-15
2.690318712972186240e-15
1.475522036792091597e-15
2.353471014653261095e-15
1.252519399734663477e-15
2.060727794184086947e-15
1.060747438603625476e-15
1.806132823524797280e-15
8.960114770698312586e-16
1.584559756736222012e-15
7.546577436393246213e-16
1.391591061700121078e-15
6.335084717684758644e-16
1.223416073738179694e-15
5.298033782320178897e-16
1.076744723177243750e-15
4.411473799352509950e-16
9.487342382294357788e-16
3.654641965916991047e-16
8.369266733713347166e-16
3.009553833016322246e-16
7.391955277178687661e-16
2.460642956294477600e-16
6.537000349470869041e-16
1.994444877851269192e-16
5.788459545828662955e-16
1.599320637782126643e-16
5.132518918063446094e-16
1.265215329776988657e-16
4.557203313026343549e-16
9.834475858378347481e-17
4.052127000332423899e-16
7.465262629846809289e-17
3.608278799114024156e-16
5.479909878350809963e-17
3.217836791538882074e-16
3.822735818388852386e-17
2.874008444985321091e-16
2.445777261603294475e-17
2.570892579338650552e-16
1.307745379092473152e-17
2.303360133712276372e-16
3.731200763722011124e-18
2.066951124820793024e-16
-3.886349825455532292e-18
1.857785561708208201e-16
-1.003752456943948919e-17
1.672486395301892330e-16
-1.494750254957388160e-17
1.508112856106663672e-16
-1.880941317418518950e-17
1.362102757711318957e-16
-2.178874716594986026e-17
1.232222545940846169e-16
-2.402717185629600007e-17
1.116524040147843538e-16
-2.564582994781063298e-17
1.013306959312966293e-16
-2.674819076476073252e-17
9.210864499637650722e-17
-2.742251374333042843e-17
8.385649403885550762e-17
-2.774397620192852136e-17
7.646077376011431619e-17
-2.777651046751398873e-17
6.982218638268933229e-17
-2.757438946716764141e-17
6.385376970406498583e-17
-2.718359476034356556e-17
5.847930389924231959e-17
-2.664299633600444758e-17
5.363192862595560379e-17
-2.598536973939058596e-17
4.925294227731723687e-17
-2.523827251631090207e-17
4.529075904041867761e-17
-2.442479914426380869e-17
4.170000278229360175e-17
-2.356423098536568577e-17
3.844071944809488571e-17
-2.267259551134757201e-17
3.547769233926874794e-17
-2.176314730593584015e-17
3.277984654186844885e-17
-2.084678147165622889e-17
3.031973069270786796e-17
-1.993238872684535708e-17
2.807306588836859850e-17
-1.902716024000829365e-17
2.601835286092505500e-17
-1.813684910474549913e-17
2.413652971854566584e-17
-1.726599442993981242e-17
2.241067362418210499e-17
-1.641811323951982628e-17
2.082574062686657476e-17
-1.559586466423363436e-17
1.936833864803033058e-17
-1.480119022555282307e-17
1.802652929259667111e-17
-1.403543362021713249e-17
1.678965472803207216e-17
-1.329944281814901473e-17
1.564818633956687182e-17
-1.259365699013330572e-17
1.459359237286888723e-17
-1.191818039844885229e-17
1.361822207546632200e-17
-1.127284507898783837e-17
1.271520423217586483e-17
-1.065726394837098908e-17
1.187835819436647123e-17
-1.007087564001532700e-17
1.110211586730734988e-17
-9.512982334584384084e-18
1.038145318992644854e-17
-8.982781526247046536e-18
9.711829934950565384e-18
-8.479392640535209272e-18
9.089136752097478504e-18
-8.001879253452030938e-18
8.509648556628253716e-18
-7.549267553277505448e-18
7.969983445441328550e-18
-7.120561595188015140e-18
7.467066455961910365e-18
-6.714755841415856708e-18
6.998097565661078016e-18
-6.330845390669296931e-18
6.560523402225916958e-18
-5.967834236601330580e-18
6.152012203240879087e-18
-5.624741887255146735e-18
5.770431639626403990e-18
-5.300608561991956912e-18
5.413829131027484601e-18
-4.994499226769535337e-18
5.080414379344751637e-18
-4.705506623055475741e-18
4.768543829282605130e-18
-4.432753475117880668e-18
4.476706851442939877e-18
-4.175394000938896997e-18
4.203513410983340370e-18
-3.932614834249453642e-18
