# bin_1_1
6.713458259621638448e-08
-6.243991887343112836e-08
6.300123699003436182e-08
-5.878962554587065608e-08
5.913424886389001294e-08
-5.534919886861672162e-08
5.551510844255330005e-08
-5.210713761329169612e-08
5.212675287379049425e-08
-4.905246600427599876e-08
4.895343777720250422e-08
-4.617472487736603048e-08
4.598062205242779104e-08
-4.346395979526572280e-08
4.319486455887965781e-08
-4.091070674400195111e-08
4.058373127174524737e-08
-3.850597599052469882e-08
3.813571183866990842e-08
-3.624123453127757538e-08
3.584014447228975063e-08
-3.410838750245032027e-08
3.368714839737394324e-08
-3.209975883927100718e-08
3.166756294967863857e-08
-3.020807148775295861e-08
2.977289271519314248e-08
-2.842642733979677576e-08
2.799525803750312794e-08
-2.674828709903125857e-08
2.632735040477960240e-08
-2.516745022293585314e-08
2.476239208421194898e-08
-2.367803514257693656e-08
2.329409960902283185e-08
-2.227445989523152958e-08
2.191665057540522190e-08
-2.095142334166292131e-08
2.062465335172498482e-08
-1.970388722674707972e-08
1.941311908622977192e-08
-1.852705931711120550e-08
1.827743559704751648e-08
-1.741637793752375637e-08
1.721334248229994128e-08
-1.636749834306997624e-08
1.621690686738606905e-08
-1.537628136018750451e-08
1.528449900532571965e-08
-1.443878494242191508e-08
1.441276695845040343e-08
-1.355125925573178010e-08
1.359860949704298926e-08
-1.271014609631593565e-08
1.283914627591038497e-08
-1.191208336511591207e-08
1.213168440419904774e-08
-1.115391535129424530e-08
1.147368060303286414e-08
-1.043270938995897021e-08
1.086269844203032827e-08
-9.745779084848867674e-09
1.029636058617569850e-08
-9.090713741266128187e-09
9.772296720580564697e-09
-8.465412713074948704e-09
9.288088938371699679e-09
-7.868122118371033480e-09
8.841217861398029719e-09
-7.297469679143726877e-09
8.429014651013767191e-09
-6.752491352373556026e-09
8.048626232251351645e-09
-6.232641218453716284e-09
7.697003414022151134e-09
-5.737773833245280209e-09
7.370923442826098172e-09
-5.268086809209789201e-09
7.067059440264518073e-09
-4.824011414939062399e-09
6.782107902933551804e-09
-4.406041743452724786e-09
6.512980850819835088e-09
-4.014499818000355976e-09
6.257059849102835208e-09
-3.649246197507315642e-09
6.012493974593295365e-09
-3.309363753170468508e-09
5.778502876913966833e-09
-2.992865523092586902e-09
5.555621482619231704e-09
-2.696502217540236079e-09
5.345799969872460286e-09
-2.415763712793097475e-09
5.152261047041848351e-09
-2.145169873517063176e-09
4.979029870597401791e-09
-1.878914463188087353e-09
4.830105527771607818e-09
-1.611847660834838744e-09
4.708347036305876553e-09
-1.340653884238421588e-09
4.614296170404338062e-09
-1.064920285944878288e-09
4.545319352118454605e-09
-7.876511708922475754e-10
4.495547761005145833e-09
-5.147572774754723469e-10
4.457021695614245487e-09
-2.532478680460352521e-10
4.422101190249437956e-09
-8.347971147196278461e-12
4.386576012121630770e-09
2.195174925917255203e-10
4.352175200686899341e-09
4.362953795478112011e-10
4.326777670129118329e-09
6.528465871624366109e-10
4.321151557438986407e-09
8.800315859828380525e-10
4.342849243011128174e-09
1.122231169511777738e-09
4.390439320591741704e-09
1.373527848662328645e-09
4.452776887717613893e-09
1.620840642251734433e-09
4.516091236904452754e-09
1.854156463435524776e-09
4.575562207557551533e-09
2.076865903481138758e-09
4.641505203621748017e-09
2.305336151486639433e-09
4.731185753519531048e-09
2.553918224644558071e-09
4.850364450029777634e-09
2.818347743652032344e-09
4.984496902657484547e-09
3.079280175193362768e-09
5.115523462220114960e-09
3.328221246589816709e-09
5.248074856165587512e-09
3.582986656783066743e-09
5.405499950781964420e-09
3.862831982044679755e-09
5.592604064206025018e-09
4.155571409224609814e-09
5.785212487165486391e-09
4.438932337559400475e-09
5.975991473828068927e-09
4.727011494914294511e-09
6.192401108024642675e-09
5.043726669714727500e-09
6.437462642086706603e-09
5.368770080758645189e-09
6.682041739401547350e-09
5.688387737149090485e-09
6.940250497412370646e-09
6.034364378953421626e-09
7.233113368156611849e-09
6.397342717160908386e-09
7.529545670357780289e-09
6.757584053743051616e-09
7.843552491213049198e-09
7.148918028971832565e-09
8.189602093127950330e-09
7.549528228744458385e-09
8.538047023852102214e-09
7.963049162031255836e-09
8.921751770079132599e-09
8.405369649677994502e-09
9.316986355098406882e-09
8.852534053309944488e-09
9.739803093342418608e-09
9.334295265129093752e-09
1.018282568162164486e-08
9.823102658328105837e-09
1.065268920178638225e-08
1.034713900296289271e-08
1.114340758327401774e-08
1.088374379149757206e-08
1.166765464462313635e-08
1.145233952093299946e-08
1.220973288856660770e-08
1.204580450450915146e-08
1.278977060452161445e-08
1.266162914194561456e-08
1.339595393603482125e-08
1.331399052695431347e-08
1.403003622916088321e-08
1.399421130904549029e-08
1.470253674975131123e-08
1.470258887819407216e-08
1.540986926883500101e-08
1.544711367628233050e-08
1.615009979900044594e-08
1.622950337992965450e-08
1.692713488331662231e-08
1.704900874636712993e-08
1.774456997510606861e-08
1.790677730273481755e-08
1.860424997664923657e-08
1.880524482607641279e-08
1.950762796087194720e-08
1.974694170408413249e-08
2.045648259595308468e-08
2.073422941872808631e-08
2.145291762170848214e-08
2.176942466637225198e-08
2.249923178771321761e-08
2.285491174986450054e-08
2.359785300896301817e-08
2.399318821939086945e-08
2.475132375591594368e-08
2.518687798127166475e-08
2.596230499809081992e-08
2.643873560386545914e-08
2.723358396749929680e-08
2.775164990336463508e-08
2.856808180416343268e-08
2.912864841397326701e-08
2.996886061890862133e-08
3.057290267159331971e-08
3.143913019173247499e-08
3.208773403188228418e-08
3.298225451203629900e-08
3.367661981405435345e-08
3.460175827031081538e-08
3.534319963600480136e-08
3.630133333521564358e-08
3.709128184525139011e-08
3.808484520572327277e-08
3.892484996369998414e-08
3.995633939466619010e-08
4.084806906344607156e-08
4.192004767748835687e-08
4.286529197953017907e-08
4.398039411458658462e-08
4.498106524857986592e-08
4.614200073160143184e-08
4.720013463890381863e-08
4.840969271254342076e-08
4.952745010905106016e-08
5.078850292783667346e-08
5.196816999580632711e-08
5.328367557936943892e-08
5.452766419100199461e-08
5.590066869806233010e-08
5.721151601537362246e-08
5.864515517377628004e-08
6.002552243789445834e-08
6.152302193186832401e-08
6.297569221740245608e-08
6.454036679301266509e-08
6.606824145983968871e-08
6.770349246270365105e-08
6.930958598587439910e-08
7.101889698923113326e-08
7.270632978911369956e-08
7.449325990640959017e-08
7.626524873111835583e-08
7.813342313315870262e-08
7.999326846682390478e-08
8.194636553765440010e-08
8.389743541665846125e-08
8.593916988602504066e-08
8.798487940273731401e-08
9.011898068301893491e-08
9.226276634141490204e-08
9.449295117586766951e-08
9.673823913576811442e-08
9.906817753128434740e-08
1.014183446397256096e-07
1.038516179139840555e-07
1.063099442753777159e-07
1.088499938982947456e-07
1.114196055830657413e-07
1.140696713402719940e-07
1.167534716823747596e-07
1.195165175435668427e-07
1.223171053391710038e-07
1.251957312863122059e-07
1.281153040940051694e-07
1.311116420721900387e-07
1.341518827477652035e-07
1.372674748662798186e-07
1.404294194702484237e-07
1.436650766343734086e-07
1.469489619615500203e-07
1.503046012967022511e-07
1.537096905412987129e-07
1.571841503318692041e-07
1.607085358753030894e-07
1.642993673453046431e-07
1.679397504097510236e-07
1.716429866003942636e-07
1.753944346347452634e-07
1.792043379784843338e-07
1.830600222362328830e-07
1.869688142957536752e-07
1.909197322383179332e-07
1.949173115882585196e-07
1.989520016222954367e-07
2.030256591202374268e-07
2.071299188666557058e-07
2.112640636929678668e-07
2.154206875804437365e-07
2.195966024936789818e-07
2.237851600095105784e-07
2.279808102647318965e-07
2.321774926284839544e-07
2.363674198207473968e-07
2.405449899686031400e-07
2.447003293885605255e-07
2.488282175417827899e-07
2.529168848916859205e-07
2.569614788858827030e-07
2.609485784591697256e-07
2.648737632636728933e-07
2.687222735174085672e-07
2.724902762743663814e-07
2.761620681191111396e-07
2.797346612614123117e-07
2.831918967153141679e-07
2.865319993219383875e-07
2.897389401745713385e-07
2.928126331986501456e-07
2.957378573484618718e-07
2.985167880029286139e-07
3.011357615818937253e-07
3.035998527349212393e-07
3.058977363709137680e-07
3.080380366032107217e-07
3.100125138933737145e-07
3.118339244852983162e-07
3.134977340044583914e-07
3.150212376946357969e-07
3.164039775711070692e-07
3.176678858774218582e-07
3.188165627077666104e-07
3.198762202263551845e-07
3.208539642822999851e-07
3.217793382885192155e-07
3.226617490479222096e-07
3.235324402724618550e-07
3.244012128230816835e-07
3.252987015091616499e-07
3.262325650488199258e-07
3.272299965937125355e-07
3.282935974336113680e-07
3.294441176581538870e-07
3.306762726330722890e-07
3.320017742937106710e-07
3.334053852867403001e-07
3.348883438086921871e-07
3.364249529242546724e-07
3.380064951694308738e-07
3.395985945116178316e-07
3.411856323955990457e-07
3.427289723498691582e-07
3.442117106750207180e-07
3.455976166273224529e-07
3.468757963093583921e-07
3.480199180881215847e-07
3.490321113994364690e-07
3.499018243321898864e-07
3.506481581678191654e-07
3.512777041904946283e-07
3.518247020890779484e-07
3.523075855061568037e-07
3.527669639983376449e-07
3.532214069578627092e-07
3.537041998646790615e-07
3.542198740000312585e-07
3.547815624724378205e-07
3.553703524906016335e-07
3.559751527084576475e-07
3.565563589615045614e-07
3.570888036681706930e-07
3.575291397754130817e-07
3.578598239991135268e-07
3.580568513533350064e-07
3.581303867578041825e-07
3.580882478370441452e-07
3.579693274822122727e-07
3.578009175490356182e-07
3.576259047642674238e-07
3.574583365987039289e-07
3.573118098700326568e-07
3.571623508611527793e-07
3.569863333804017635e-07
3.567354505647267812e-07
3.563828660768915195e-07
3.559018545873975025e-07
3.553059157309846439e-07
3.546149587391737926e-07
3.538773543161016580e-07
3.531217450658697871e-07
3.523725227089713030e-07
3.516101846806639658e-07
3.508064783173973653e-07
3.499106439737311737e-07
3.489015896349283809e-07
3.477741121360819149e-07
3.465681434497404543e-07
3.453212456619673533e-07
3.440697123186298105e-07
3.428004218511477979e-07
3.414816097863098149e-07
3.400615689209077853e-07
3.385292619898263113e-07
3.369022650631759159e-07
3.352353409958036565e-07
3.335542513783194118e-07
3.318529290831771342e-07
3.300781869672855125e-07
3.281991619596838439e-07
3.262194185755443544e-07
3.241920663591955147e-07
3.221450678582766300e-07
3.200681212762374486e-07
3.179103289587213265e-07
3.156614144047240978e-07
3.133495062633499463e-07
3.110162437678652430e-07
3.086411206336162490e-07
3.061857908288645592e-07
3.036428421008523192e-07
3.010664059022562305e-07
2.984752076379547631e-07
2.958355321284224496e-07
2.931099271925561144e-07
2.903340156715453354e-07
2.875327669469647391e-07
2.846818567140222401e-07
2.817577109519658846e-07
2.788086751081060253e-07
2.758474877750318262e-07
2.728354335970646869e-07
2.697658706599473640e-07
2.666793592740110363e-07
2.635494655046323380e-07
2.603657459559060807e-07
2.571684424788872612e-07
2.539590153724512455e-07
2.507108038529360796e-07
2.474547552179276535e-07
2.441710308005820569e-07
2.408510540494739251e-07
2.375182697185371420e-07
2.341603299231954791e-07
2.307911669524612705e-07
2.274325890873725210e-07
2.240601367464924654e-07
2.206903666791569236e-07
2.173027967392990631e-07
2.139099099285581497e-07
2.105084103792759425e-07
2.071043073030198444e-07
2.037151684203160344e-07
2.003433211276092019e-07
1.969890336148834826e-07
1.936412211749856126e-07
1.902997873508516595e-07
1.869650813737222485e-07
1.836382317882008020e-07
1.803279657499630548e-07
1.770504846969793361e-07
1.738083372272965221e-07
1.705960949000733013e-07
1.674068279164834741e-07
1.642353513059567086e-07
1.610857228377745741e-07
1.579566925274714349e-07
1.548616197351535218e-07
1.518150515037114748e-07
1.488165931424703406e-07
1.458576035414136899e-07
1.429316298410330719e-07
1.400333384684409861e-07
1.371668232217525570e-07
1.343306241983526959e-07
1.315424050185168691e-07
1.288126858910608982e-07
1.261388315545127770e-07
1.235082200335718073e-07
1.209161064696268393e-07
1.183583464607875557e-07
1.158369657620163949e-07
1.133511440493596670e-07
1.109221897131995210e-07
1.085579110695053463e-07
1.062530492019428299e-07
1.039909966000385302e-07
1.017668854362984063e-07
9.957862250676324205e-08
9.742591155127729503e-08
9.531063148675117280e-08
9.325682037584636734e-08
9.126830582303085423e-08
8.933761307130155404e-08
8.744639973309193382e-08
8.558923902071009425e-08
8.376512367163201696e-08
8.197102616149466805e-08
8.021451574677150508e-08
7.852105667536817802e-08
7.688756823424241003e-08
7.530590922303798953e-08
7.375896583488404403e-08
7.223885867882692471e-08
7.074649171215692448e-08
6.927835095904787217e-08
6.784685393267494783e-08
6.647624045047625143e-08
6.515832258804736634e-08
6.388247612631969970e-08
6.263345314917260476e-08
6.140486709494181232e-08
6.019785760643806091e-08
5.900840913590745157e-08
5.785576577241552522e-08
5.675685984886287723e-08
5.570239799177431009e-08
5.467709265585243958e-08
5.367136926797691183e-08
5.268204828472593333e-08
5.170762458767866664e-08
5.074420646462140806e-08
4.981573743820293279e-08
4.893395493137077889e-08
4.808812540738644872e-08
4.726000701429246991e-08
4.644378813718914281e-08
4.564104184137095026e-08
4.484655689688070575e-08
4.405844013692362153e-08
4.330293954048722158e-08
4.258530077676070853e-08
4.189462249337025265e-08
4.121363753678379829e-08
4.053934076567541854e-08
3.987638292017336398e-08
3.921497117091631793e-08
3.855873936198968867e-08
3.793389320818148440e-08
3.733596545619927600e-08
3.675704819602355254e-08
3.618525798624351553e-08
3.561677444560901327e-08
3.505901261665718466e-08
3.449989780374284180e-08
3.394705503866655161e-08
3.342282913624150674e-08
3.291661584906377086e-08
3.242186933916584770e-08
3.193178318397349611e-08
3.144405160431177168e-08
3.096543459312218767e-08
3.048187485574235255e-08
3.000703308433588018e-08
2.955251568827418820e-08
2.911003730254212545e-08
2.867115903753992467e-08
2.823626422873636403e-08
2.780540369092136966e-08
2.738136784790935173e-08
2.694987695480708347e-08
2.652688033495672858e-08
2.611488203545607260e-08
2.570793439065133698e-08
2.529634946780509583e-08
2.488326693960087404e-08
2.447134328736695338e-08
2.405877719484546605e-08
2.363485483623554298e-08
2.321617356697708050e-08
2.280095666489640488e-08
2.238900698416845303e-08
2.197568333623724177e-08
2.156720580384226379e-08
2.117017403979121518e-08
2.078031227924092654e-08
2.039283231918638533e-08
2.002117191266330596e-08
1.965742585100628459e-08
1.930334644499589441e-08
1.895587935928227166e-08
1.861591213647133240e-08
1.828824108985722098e-08
1.796465557586836068e-08
1.764220042323940218e-08
1.732859003284000754e-08
1.701560299242595130e-08
1.670678207195954372e-08
1.640241290664109680e-08
1.610312873841574168e-08
1.581373189014763777e-08
1.552618408637507169e-08
1.524073756937662529e-08
1.495744802984795551e-08
1.467244008543575514e-08
1.438702592874439894e-08
1.410337236162047912e-08
1.382172745340234897e-08
1.354574169731308382e-08
1.327046415539896379e-08
1.299894679136704256e-08
1.272958461820306934e-08
1.246319922562878124e-08
1.220000140070090372e-08
1.194093860044959364e-08
1.168513550586461650e-08
1.143377445320985790e-08
1.118329279375863175e-08
1.093422856025161799e-08
1.068425800976365392e-08
1.043658978110113921e-08
1.019366773680215396e-08
9.956839215893790196e-09
9.725291078793032520e-09
9.498759959464820567e-09
9.275372939961618261e-09
9.054072678105389014e-09
8.832900077916024651e-09
8.613166497788497132e-09
8.395296396850384336e-09
8.179495397872075304e-09
7.967659800729266940e-09
7.762554649038196646e-09
7.562957671049913749e-09
7.365104754436250272e-09
7.167692404445150768e-09
6.971763557555927026e-09
6.779064993609597048e-09
6.589938718448222177e-09
6.403090114950322694e-09
6.219042464056726431e-09
6.037959718923707428e-09
5.858958425187070323e-09
5.684063779007158065e-09
5.513566172673585172e-09
5.346692240244353621e-09
5.182089813982552898e-09
5.019327487838637094e-09
4.859202297555396575e-09
4.700804346211280234e-09
4.545987740895225521e-09
4.396361215922614962e-09
4.251180272575660474e-09
4.108839723269469052e-09
3.968137603885852536e-09
3.829352368647894114e-09
3.695771090424006624e-09
3.566113167912173862e-09
3.438518922605268183e-09
3.313685357557508500e-09
3.193298790133956019e-09
3.076006303325558542e-09
2.960600934642147213e-09
2.848658292853213109e-09
2.741096140336453383e-09
2.636741921552766497e-09
2.535341288915167322e-09
2.436527941697320423e-09
2.340700110534414372e-09
2.247897518204947944e-09
2.157772249164074825e-09
2.070720773026324620e-09
1.986623425934631547e-09
1.904472751657814485e-09
1.827052025988329703e-09
1.751851676188078294e-09
1.678314309891064797e-09
1.608110952172593844e-09
1.539839823928409928e-09
1.473492200725243138e-09
1.409578156015800082e-09
1.348208439562662909e-09
1.290139255821487277e-09
1.234237363479889172e-09
1.180078481741041248e-09
1.127836650969712592e-09
1.076778613447325753e-09
1.027721822516286199e-09
9.803985683820579706e-10
9.359739172121084244e-10
8.930393036569659365e-10
8.524606888920980108e-10
8.128966306534503874e-10
7.744444612593042939e-10
7.369723800255046081e-10
7.008894953166660079e-10
6.666121727723001509e-10
6.343381037505489986e-10
6.035267597820292485e-10
5.740606137981465128e-10
5.452351429864132127e-10
5.170979410279079078e-10
4.895792765080097676e-10
4.629679141952605100e-10
4.378029137040999093e-10
4.144142068242454445e-10
3.922682426783878674e-10
3.707258960821413402e-10
3.495975944132687984e-10
3.288418719193747252e-10
3.082674575456169507e-10
2.884000785503795748e-10
2.698501720854956043e-10
2.528613036371548684e-10
2.367764974519070403e-10
2.210966931295910148e-10
2.055996744898747623e-10
1.903034982462698869e-10
1.750895391067217426e-10
1.605645266715819434e-10
1.475254622217518300e-10
1.357302516191847314e-10
1.247208434091286092e-10
1.140954478703346388e-10
1.036810206626067144e-10
9.356936059807164065e-11
8.363315795860413429e-11
7.464643461120479355e-11
6.715751846308466392e-11
6.080002419739215203e-11
5.507163376242964060e-11
4.978769842974264195e-11
4.492149193315531519e-11
4.043314017201410782e-11
3.607140709649304422e-11
3.271056816865640862e-11
3.056934825986738037e-11
2.927006728786221943e-11
2.813487379642543251e-11
2.712893147581772826e-11
2.633475446370476150e-11
2.547868589244838022e-11
2.430231625954229460e-11
2.363796491774199984e-11
2.340027905213212183e-11
2.325081312973071433e-11
2.264134098890029672e-11
2.167020790595586359e-11
2.055922065515787712e-11
1.892609339775075347e-11
1.682138382269588815e-11
1.513940175913363875e-11
1.358235094758339338e-11
1.212076223790460787e-11
1.058098245771797055e-11
9.062556050989023114e-12
7.929288183120044927e-12
6.780524820222982515e-12
5.791175296372409199e-12
5.588164548958426624e-12
5.666480918800200563e-12
5.909719891642870203e-12
6.119196959613375822e-12
6.221780688049927042e-12
6.352274317872098657e-12
5.971732775231261632e-12
5.442205181548871439e-12
4.983252647214531196e-12
4.423384140202670525e-12
3.712135226425925326e-12
3.024569697991199288e-12
2.489987601169217174e-12
2.262966568463646710e-12
1.976861163860259728e-12
2.023923665488986666e-12
2.285675454310023985e-12
2.571610621073250184e-12
2.619660389102609515e-12
2.450065212561871275e-12
2.157503716672178010e-12
1.781593891993319109e-12
1.220248300854110232e-12
9.529106954743795824e-13
8.992736638175487267e-13
1.058776769970524594e-12
1.228635939906562419e-12
1.320624139731557645e-12
1.343539769450838080e-12
1.153948124826978366e-12
7.718420702757483255e-13
5.746220559770695806e-13
4.844201950394144103e-13
5.795011954341863641e-13
7.336875722520001746e-13
7.746944258308262189e-13
7.428990611378376596e-13
5.362613233582109070e-13
3.060408877485579633e-13
2.936064739694648621e-13
3.872986097305433517e-13
5.014265423674081362e-13
5.009808897579320164e-13
3.359115698035132390e-13
2.278260883404208164e-13
1.809506026967278904e-13
2.776011571732449478e-13
3.545321819775194871e-13
2.993739810259772271e-13
1.530058601664401185e-13
1.182873986164856545e-13
1.890664827449289621e-13
2.729942770067064154e-13
1.752116404990055652e-13
8.357721849993705635e-14
1.022369204794256720e-13
1.924954372107657312e-13
1.566061647522801352e-13
6.590542734407416978e-14
6.834007134730959021e-14
1.532539835284358064e-13
1.046872841601969784e-13
4.166610874469127766e-14
7.332003111893452437e-14
1.199993939945092900e-13
4.694476751634350333e-14
3.691756787842177141e-14
9.275525730793083452e-14
5.765555804682751106e-14
1.502248529094472497e-14
8.180809671897523422e-14
3.942034584274696992e-14
1.879202037970654724e-14
6.617875320103709237e-14
2.317114904756906873e-14
2.338509808140376304e-14
5.666167446001692576e-14
-1.236201937909002584e-15
5.074607942070818936e-14
1.175793743583100026e-14
2.505765500447244879e-14
2.813618373579278362e-14
8.259346615532819742e-15
3.247907407146054943e-14
3.442136728124340173e-15
2.881608467594428484e-14
3.956906279425216734e-15
2.323151353427836469e-14
5.279835312384113057e-15
1.840159430512983242e-14
6.006412603693113107e-15
1.477357026632266091e-14
6.095241516860450093e-15
1.210008995947420505e-14
5.794813435347018491e-15
1.008027663980295714e-14
5.310524045541227429e-15
8.501454783381505963e-15
4.764170226426906026e-15
7.230708999563830611e-15
4.219130467050047843e-15
6.185678591166902203e-15
3.705632061413436646e-15
5.313334481061802717e-15
3.236413279543450565e-15
4.577633979642721217e-15
2.815252747766452799e-15
3.952737034741889597e-15
2.441440344326877636e-15
3.419261013499608729e-15
2.112111372942609017e-15
2.962143034111456554e-15
1.823473332197000714e-15
2.569361849932217192e-15
1.571453284562621323e-15
2.231133730354913400e-15
1.352036405783888944e-15
1.939380511697717689e-15
1.161436764547909126e-15
1.687361017105084086e-15
9.961756415247258823e-16
1.469405051020743858e-15
8.531086101512646959e-16
1.280714664256615355e-15
7.294244572531934412e-16
1.117211370384907929e-15
6.226290978856882832e-16
9.754159330545646059e-16
5.305220716558164885e-16
8.523520079464089603e-16
4.511700125766349679e-16
7.454677571973863223e-16
3.828796160135946486e-16
6.525713337361919050e-16
3.241715180192071683e-16
5.717772866347627549e-16
2.737558384240751109e-16
5.014617093403370134e-16
2.305097410207718809e-16
4.402244830386974965e-16
1.934571261241434713e-16
3.868573422430101444e-16
1.617504316593772336e-16
3.403167614672146424e-16
1.346544400507266091e-16
2.997008635044785419e-16
1.115319472186239443e-16
2.642297026336516845e-16
9.183113180725802283e-17
2.332283940411197381e-16
7.507445896101163042e-17
2.061126532689673381e-16
6.084895729207870658e-17
1.823763831311513182e-16
4.879771687741241408e-17
1.615810049507789461e-16
3.861246764658303932e-17
1.433462792589846244e-16
3.002711006211391004e-17
1.273424007507125298e-16
2.281208265854220077e-17
1.132831852536608689e-16
1.676946317744344266e-17
1.009201937410372071e-16
1.172871147792524328e-17
9.003766141837407153e-17
7.542973007928617481e-18
8.044811918268020938e-17
4.085871158410752642e-18
7.198861105648278438e-17
1.248725562772621054e-18
6.451742501377053480e-17
-1.061858942599124308e-18
5.791126636537175255e-17
-2.926080995302137450e-18
5.206281285206700200e-17
-4.412751335990569179e-18
4.687859915241256916e-17
-5.580858210538534436e-18
4.227718581890828573e-17
-6.480921732114001560e-18
3.818757385923744317e-17
-7.156165162188808958e-18
3.454783162881156537e-17
-7.643527488684602925e-18
3.130390520195031241e-17
-7.974538471480705255e-18
2.840858742567714077e-17
-8.176074533465650597e-18
2.582062423626811839e-17
-8.271011500758711538e-18
2.350393970446265337e-17
-8.278788040521728472e-18
2.142696387711543355e-17
-8.215891815974539194e-18
1.956204958580156963e-17
-8.096278819544108277e-18
1.788496629978378210e-17
-7.931734879767067633e-18
1.637446071482613947e-17
-7.732187218653088160e-18
1.501187515255649861e-17
-7.505972809298825796e-18
1.378081606515582912e-17
-7.260069436678263645e-18
1.266686596155833625e-17
-7.000294521483523599e-18
1.165733298552758060e-17
-6.731476136204659310e-18
1.074103314617782332e-17
-6.457599993354362465e-18
9.908100870528493559e-18
-6.181935727467676690e-18
9.149824126775076091e-18
-5.907145290197694527e-18
8.458500880003874392e-18
-5.635375950097007578e-18
7.827314057824851775e-18
-5.368340000863606911e-18
7.250222594061497830e-18
-5.107383032331909564e-18
6.721866441892214344e-18
-4.853542344153666157e-18
6.237483712960498334e-18
-4.607596880912378274e-18
5.792838366808151783e-18
-4.370109864121518706e-18
5.384157068770654646e-18
-4.141465153007921107e-18
5.008074020275943870e-18
-3.921898208851665099e-18
4.661582729308080860e-18
-3.711522426963499178e-18
4.341993815158589637e-18
-3.510351491051311349e-18
4.046898076367756687e-18
-3.318318317048134709e-18
3.774134133191079729e-18
-3.135291071288867304e-18
3.521760063735712049e-18
-2.961086686811108177e-18
3.288028517678943060e-18
-2.795482232474485931e-18
3.071364867988427947e-18
-2.638224454105553506e-18
2.870348005899530674e-18
-2.489037748535225958e-18
2.683693455356754295e-18
-2.347630803938916503e-18
2.510238500349327503e-18
-2.213702104449525092e-18
2.348929084486445946e-18
-2.086944465734873135e-18
2.198808252970743491e-18
-1.967048750954569166e-18
2.059005946174026464e-18
-1.853706890027184255e-18
1.928729978800910061e-18
-1.746614308893282159e-18
1.807258057484839296e-18
-1.645471863389973029e-18
1.693930707716179092e-18
-1.549987350924809920e-18
1.588145001843408117e-18
-1.459876673543465496e-18
1.489348988702892074e-18
-1.374864703888748529e-18
1.397036742093630724e-18
-1.294685906432503942e-18
