# bin_5_5
-3.187516871797538883e-07
3.189216025273740825e-07
-3.000318258557334282e-07
2.995415534510915415e-07
-2.823239480093910318e-07
2.813319711345925773e-07
-2.655772598909041548e-07
2.642233378427776137e-07
-2.497423214200495284e-07
2.481511693580355467e-07
-2.347710459632498740e-07
2.330557080954917073e-07
-2.206166704068605668e-07
2.188816609667674054e-07
-2.072336953911447207e-07
2.055779795862896498e-07
-1.945777986918158460e-07
1.930976788539452353e-07
-1.826057220976063972e-07
1.813976953530844660e-07
-1.712751350550329648e-07
1.704387808518245641e-07
-1.605444733773729311e-07
1.601854325412443191e-07
-1.503727563739592568e-07
1.506058549963764945e-07
-1.407193823262254623e-07
1.416719562520126294e-07
-1.315439039249023491e-07
1.333593702409001295e-07
-1.228057879131522494e-07
1.256475060673724672e-07
-1.144641625597213870e-07
1.185196152841111541e-07
-1.064775586754559619e-07
1.119628705793222283e-07
-9.880365552377638379e-08
1.059684432044973697e-07
-9.139904251184087742e-08
1.005315641810704943e-07
-8.421901640320369686e-08
9.565154804637863059e-08
-7.721743645710755290e-08
9.133175135120014592e-08
-7.034666920952325261e-08
8.757943134306759511e-08
-6.355766012107423095e-08
8.440546173171082610e-08
-5.680018162345124275e-08
8.182385309225017445e-08
-5.002330999800034402e-08
7.985101890387547935e-08
-4.317619792973399727e-08
7.850471876166745471e-08
-3.620920855189381643e-08
7.780261208922039636e-08
-2.907547966898288399e-08
7.776035514020579711e-08
-2.173297657070473945e-08
7.838919368151124795e-08
-1.414706983198339000e-08
7.969303077971378677e-08
-6.293633169499418590e-09
8.166500466215461114e-08
1.837407839310434387e-09
8.428368959018153406e-08
1.023824404254548601e-08
8.750914767112562825e-08
1.887936393453123539e-08
9.127920694741454303e-08
2.770621285822980447e-08
9.550652477346393038e-08
3.663698603813573404e-08
1.000771927033933896e-07
4.556241303243426525e-08
1.048518315722343236e-07
5.434855687566294201e-08
1.096702524702603603e-07
6.284372290475645674e-08
1.143607501514032024e-07
7.089045579072791865e-08
1.187548444131995827e-07
7.834318741695745301e-08
1.227076729231773354e-07
8.509125989691908892e-08
1.261231520005914335e-07
9.108570099529909930e-08
1.289814121779143680e-07
9.636627264854878691e-08
1.313639599847625636e-07
1.010831409386327818e-07
1.334698449689538969e-07
1.055055058977491736e-07
1.356144790351405678e-07
1.100085400308830875e-07
1.382027134672698295e-07
1.150312271589311302e-07
1.416706519621362575e-07
1.210025130721936457e-07
1.463976845896496019e-07
1.282424764342855949e-07
1.526017099275663604e-07
1.368585025061290411e-07
1.602448159360127596e-07
1.466705800368296696e-07
1.689890097341684655e-07
1.572082540540575720e-07
1.782436643397863568e-07
1.678149567837418746e-07
1.873283079835958046e-07
1.778644923619017040e-07
1.957301034689425556e-07
1.870383020661036364e-07
2.033713131057849379e-07
1.955470933737409966e-07
2.107459359482761509e-07
2.041456876839648740e-07
2.187850373753192255e-07
2.138380271377799185e-07
2.284146930913967830e-07
2.253306644947892073e-07
2.399777793976936673e-07
2.385206415675355172e-07
2.528978387646585039e-07
2.524371484301072172e-07
2.659662985707147160e-07
2.658814222019927071e-07
2.782608043696080243e-07
2.784620448081554284e-07
2.900652566460853383e-07
2.911402907877079159e-07
3.028212739364548705e-07
3.054879135114865802e-07
3.177796810880369897e-07
3.220344265773228276e-07
3.345202323340037803e-07
3.394907895057529781e-07
3.512819964520223026e-07
3.562647134006886565e-07
3.672903627768210015e-07
3.728030796848006758e-07
3.841281438128317946e-07
3.912185778827731368e-07
4.034932561831220919e-07
4.119475969271971984e-07
4.242621314035980865e-07
4.328346710445668986e-07
4.444232902262278641e-07
4.532482442560248088e-07
4.652329752896568225e-07
4.756679821189810859e-07
4.888123248759823171e-07
5.003661558190988082e-07
5.133147719332937544e-07
5.247424810229655770e-07
5.375001389656852297e-07
5.500837106946507914e-07
5.642060149874041350e-07
5.782778357241028393e-07
5.925681272754258390e-07
6.065430334812488308e-07
6.208090851147291051e-07
6.361530954139842223e-07
6.519506883080613489e-07
6.684051164107087591e-07
6.840156273312138894e-07
7.006490460042462267e-07
7.173257171030603049e-07
7.358414646970072858e-07
7.532872882707351291e-07
7.718533834476096469e-07
7.897431759173232941e-07
8.101357828420590365e-07
8.293491590802753951e-07
8.500247249010184014e-07
8.696227742601343317e-07
8.921241609522351538e-07
9.130808385034671096e-07
9.358950113212004165e-07
9.576803316384369686e-07
9.824800995272901151e-07
1.005151232696305810e-06
1.030470029984165822e-06
1.054846383305650841e-06
1.081672329166588989e-06
1.106527775146994069e-06
1.135028106924158928e-06
1.161458111568767380e-06
1.190692916334978680e-06
1.218848731526408677e-06
1.249610416991916826e-06
1.278715060043322273e-06
1.311457715798661743e-06
1.341763818539536110e-06
1.376058863061092681e-06
1.408138951052011702e-06
1.443761705936530392e-06
1.477762607477694447e-06
1.514885827134410614e-06
1.550726976295648650e-06
1.589593107942795822e-06
1.627239776562451410e-06
1.668009632979219593e-06
1.707517072406387190e-06
1.750290109337619084e-06
1.791759558414002159e-06
1.836617826120907170e-06
1.880163658925708442e-06
1.927192968685606527e-06
1.972931582002959315e-06
2.022226691150511227e-06
2.070275380882881873e-06
2.121939785546043782e-06
2.172418092912911075e-06
2.226563013977026642e-06
2.279594085697582654e-06
2.336337780610813049e-06
2.392049336070335878e-06
2.451516789442836419e-06
2.510041785384865472e-06
2.572364645638733677e-06
2.633841764349721665e-06
2.699158419414613700e-06
2.763732461626249805e-06
2.832188190412053474e-06
2.900010416724548449e-06
2.971757581510427814e-06
3.042986024214805904e-06
3.118184284252329648e-06
3.192984039569416610e-06
3.271800573729456326e-06
3.350344078027190544e-06
3.432953807742589799e-06
3.515421097463960204e-06
3.602006902562086230e-06
3.688585855034628159e-06
3.779338775156046460e-06
3.870225325411132941e-06
3.965344739141593146e-06
4.060743065979617087e-06
4.160436838635599145e-06
4.260559511227373821e-06
4.365044100692838242e-06
4.470112174827048153e-06
4.579612682766935188e-06
4.689855733393436661e-06
4.804605886713274679e-06
4.920261960541587152e-06
5.040504004935663063e-06
5.161819473478139175e-06
5.287803957343736415e-06
5.415033246839762373e-06
5.547018669598492581e-06
5.680423839612508624e-06
5.818676133509286616e-06
5.958526270588344428e-06
6.103318079210973581e-06
6.249888465685973080e-06
6.401498175698921063e-06
6.555069186426994350e-06
6.713779661192996256e-06
6.874635332656614067e-06
7.040732287482745365e-06
7.209158494102410458e-06
7.382928442664202278e-06
7.559210604372108678e-06
7.740938294442306281e-06
7.925358527481060901e-06
8.115323771373258600e-06
8.308157380967703281e-06
8.506631172225373447e-06
8.708142371349385176e-06
8.915382164318620236e-06
9.125818887521839582e-06
9.342062900940884603e-06
9.561650566560556989e-06
9.787110956711169923e-06
1.001604501550152634e-05
1.025089974973182907e-05
1.048933684404971906e-05
1.073372009282705893e-05
1.098176763956952681e-05
1.123575849650009870e-05
1.149346250109368563e-05
1.175707183800362717e-05
1.202440274878108956e-05
1.229755802031734807e-05
1.257439444638206503e-05
1.285692227997773915e-05
1.314303242605526878e-05
1.343463887408643830e-05
1.372965959914616454e-05
1.402990799760326896e-05
1.433332148787853767e-05
1.464160796840127066e-05
1.495271613913683076e-05
1.526824298883429470e-05
1.558613990342187848e-05
1.590788717102109359e-05
1.623143000320877480e-05
1.655812602317231866e-05
1.688590540037577143e-05
1.721599726127199257e-05
1.754630822674384233e-05
1.787793365737483747e-05
1.820874898555123884e-05
1.853971167927140909e-05
1.886865987582660474e-05
1.919641091950046352e-05
1.952076192918999437e-05
1.984239073479720667e-05
2.015905314345293710e-05
2.047129206376265459e-05
2.077682636880827421e-05
2.107607395096308266e-05
2.136672720611491075e-05
2.164909569550102180e-05
2.192086338260841190e-05
2.218225647940913427e-05
2.243097763897154470e-05
2.266720441419691539e-05
2.288869562479894194e-05
2.309562563551263316e-05
2.328585805154878723e-05
2.345962070570003786e-05
2.361494166587509906e-05
2.375216938219991533e-05
2.386956569081077144e-05
2.396767499464665270e-05
2.404506850669213802e-05
2.410256561886532363e-05
2.413912305451224892e-05
2.415591074486102535e-05
2.415233890136213153e-05
2.412998984133414443e-05
2.408877534844929382e-05
2.403072510684095672e-05
2.395626626988653688e-05
2.386786869505052832e-05
2.376643864971382083e-05
2.365482119158808183e-05
2.353430074481300369e-05
2.340796210653752683e-05
2.327729259664370240e-05
2.314540564113081911e-05
2.301374263192234831e-05
2.288516704201044429e-05
2.276076907630743219e-05
2.264284364727738795e-05
2.253180690696486482e-05
2.242907735745485503e-05
2.233411921557943840e-05
2.224725077531782482e-05
2.216683311406150025e-05
2.209203095255437378e-05
2.202016348674469654e-05
2.194943723075253205e-05
2.187646564958028439e-05
2.179897817208521492e-05
2.171349509879296719e-05
2.161799195303921284e-05
2.150968782975370841e-05
2.138761429270902309e-05
2.125044699617245896e-05
2.109890507036978885e-05
2.093354250100395934e-05
2.075690497388949936e-05
2.057121775448528752e-05
2.038026945752909573e-05
2.018699940953668165e-05
1.999516532331870557e-05
1.980693580406878745e-05
1.962450503672048956e-05
1.944788976331372237e-05
1.927671502160855144e-05
1.910842226669730374e-05
1.894038520529268331e-05
1.876858819812236062e-05
1.859000398435179559e-05
1.840151669203699407e-05
1.820219373653142860e-05
1.799197646123909698e-05
1.777334897030054012e-05
1.754938177893839628e-05
1.732459856383273766e-05
1.710248751067002673e-05
1.688605330340473066e-05
1.667560632732941432e-05
1.646998627396678089e-05
1.626552603189040065e-05
1.605845235513548094e-05
1.584486243566673173e-05
1.562336854974569344e-05
1.539452310956069899e-05
1.516195901105385046e-05
1.492997507283034003e-05
1.470300169543121134e-05
1.448263575867399550e-05
1.426795689445093338e-05
1.405486651690581532e-05
1.383910690568556829e-05
1.361754619568488250e-05
1.339100497891213531e-05
1.316308700369638622e-05
1.293916120643403474e-05
1.272225719860399050e-05
1.251194232944966960e-05
1.230369095380488389e-05
1.209285180326547077e-05
1.187739583763518665e-05
1.166049334682181318e-05
1.144752327486466947e-05
1.124248645146589736e-05
1.104386126304737204e-05
1.084660268143821030e-05
1.064622393205218466e-05
1.044385888361857217e-05
1.024452342427224335e-05
1.005240910583640775e-05
9.865889138983832202e-06
9.680420342953104329e-06
9.493973837673907811e-06
9.310094937153421990e-06
9.132174681294187620e-06
8.958589456566605700e-06
8.784514650434803099e-06
8.610177011783744228e-06
8.440906673908207261e-06
8.279378402245228836e-06
8.120900591849535677e-06
7.961785467615349591e-06
7.804944223239401608e-06
7.653550291951911796e-06
7.504182969133890104e-06
7.355093837907570903e-06
7.211051700195310552e-06
7.073866947059188759e-06
6.938147593199460023e-06
6.803398921908878797e-06
6.673225721138607131e-06
6.545075710423970910e-06
6.416953876657840207e-06
6.293901848432211192e-06
6.175588307515612505e-06
6.059288603877233912e-06
5.947159534479515047e-06
5.837274919585316887e-06
5.728012963838758023e-06
5.622011263940579700e-06
5.517038881646290988e-06
5.415268172385127892e-06
5.318484636970358136e-06
5.224017215813211515e-06
5.132619773806990565e-06
5.042238450160362938e-06
4.953628023433294625e-06
4.866416240809455332e-06
4.780386010172609087e-06
4.698038148752850141e-06
4.618884404796528302e-06
4.542968452454991237e-06
4.468255383281362849e-06
4.394942722653698332e-06
4.322599078456581422e-06
4.251172907972013644e-06
4.180862632896907983e-06
4.113866310313021541e-06
4.049586209929774090e-06
3.987601821297150474e-06
3.926637086322048576e-06
3.866389154050953468e-06
3.806957432317482659e-06
3.747924886203112997e-06
3.690023153612702401e-06
3.635038934840730514e-06
3.582161756148399703e-06
3.530775067905489247e-06
3.480017569698994695e-06
3.429730960130636233e-06
3.380054664087155792e-06
3.330406644834952012e-06
3.282017267985420068e-06
3.235925465245935334e-06
3.191402059417888371e-06
3.147582621834673152e-06
3.104188467425803942e-06
3.061300265935218637e-06
3.018795396306772921e-06
2.976041274955913078e-06
2.934513612904449774e-06
2.894775544234265616e-06
2.856180034577751499e-06
2.817800786453202899e-06
2.779643687667852241e-06
2.742096782377721157e-06
2.704727139045238757e-06
2.667057687026167582e-06
2.630580397595430068e-06
2.595318006230012056e-06
2.560807992418355807e-06
2.526343689734244836e-06
2.492064996445172042e-06
2.458488051902265647e-06
2.424835213224887882e-06
2.391023100847141369e-06
2.358366204731366319e-06
2.326256413026107076e-06
2.294567606758912758e-06
2.262993362757046744e-06
2.231456201739013782e-06
2.200566001817608257e-06
2.169418035431305179e-06
2.138110592031024067e-06
2.107535502700244228e-06
2.076938167541577232e-06
2.046291029731073887e-06
2.015534012263837784e-06
1.984623622076367170e-06
1.954045571909415738e-06
1.922845820307124214e-06
1.891535378389500714e-06
1.860306154782852928e-06
1.828930276604124122e-06
1.797295290069614456e-06
1.765758621401826320e-06
1.734399537747879040e-06
1.703573720606446839e-06
1.672565683538532124e-06
1.641990315754456090e-06
1.611717956469325159e-06
1.581814499261940931e-06
1.552176115062016585e-06
1.523143807022838826e-06
1.494824341982459286e-06
1.467295944715628300e-06
1.440042179345455174e-06
1.413481339854231313e-06
1.387279303812477634e-06
1.361633974537729986e-06
1.336502152746410735e-06
1.312081614310386659e-06
1.288453464268612139e-06
1.265497886740925928e-06
1.242864460836339612e-06
1.220686008797151897e-06
1.198550562075471770e-06
1.176681425758375445e-06
1.155092373867042546e-06
1.133833909355527178e-06
1.113021892379467562e-06
1.092573477848642054e-06
1.072317286525766385e-06
1.052239176140890676e-06
1.032126594042586856e-06
1.012156897658508876e-06
9.923245015560341991e-07
9.725860511842600774e-07
9.529938867951673996e-07
9.334902718041662047e-07
9.140011855564272878e-07
8.944263687854710191e-07
8.748499531368855175e-07
8.554465590297597734e-07
8.362589439279144054e-07
8.172096314735717615e-07
7.982972917666229067e-07
7.795036615665907718e-07
7.607013792269208696e-07
7.418051672011267437e-07
7.229329761427124235e-07
7.042143096073117089e-07
6.856620563660658886e-07
6.672855014221429834e-07
6.492200104418186545e-07
6.315522612110915789e-07
6.140459911880532111e-07
5.965849190514093566e-07
5.791877902485235601e-07
5.619844098578902813e-07
5.450013576326298722e-07
5.282292996038837330e-07
5.117919597611605002e-07
4.957770899814132271e-07
4.800099596549187594e-07
4.645467770781573404e-07
4.493750505329905669e-07
4.345292661310502888e-07
4.199481502218921499e-07
4.055350899534013760e-07
3.913707478450658719e-07
3.775083489166941409e-07
3.639586156219081499e-07
3.509607666695687319e-07
3.384230987531870408e-07
3.262179738164273949e-07
3.142405438386777062e-07
3.023758049768676506e-07
2.907691322137606528e-07
2.795095728728315876e-07
2.686010873825888297e-07
2.581511201892445297e-07
2.481306167249902137e-07
2.384305131335300388e-07
2.289163484950559251e-07
2.195655251902193202e-07
2.105658702738062450e-07
2.019044419661738132e-07
1.935471943128322911e-07
1.854473773934865854e-07
1.776585108893582163e-07
1.701380217200497991e-07
1.628700732577532925e-07
1.558633524736456607e-07
1.491384375575635325e-07
1.426539539496683427e-07
1.364526059426869825e-07
1.304490525809164329e-07
1.245775613513900974e-07
1.189506388527212512e-07
1.136124561306507276e-07
1.085029851467800505e-07
1.035753231465904267e-07
9.882828304804856348e-08
9.436074894607063955e-08
9.004534631282670547e-08
8.580495982948061460e-08
8.177205469855267398e-08
7.794884096202839739e-08
7.425491809469243950e-08
7.068006216492694472e-08
6.733070561004392609e-08
6.416174226193663360e-08
6.115126833825189601e-08
5.824126382923998092e-08
5.541805593217491372e-08
5.269879756452847960e-08
5.005943546818278557e-08
4.751935022460329552e-08
4.521014372668186903e-08
4.301779414198433683e-08
4.099724806934193475e-08
3.904513546801295722e-08
3.709037309215523885e-08
3.517412248241811281e-08
3.330178660576913891e-08
3.156459996703371919e-08
2.998267671594385905e-08
2.853244835876773413e-08
2.719480856793296864e-08
2.589053199550367754e-08
2.455143207508490607e-08
2.321740078933140902e-08
2.191532594191796420e-08
2.073770845840520788e-08
1.968946884536189893e-08
1.876098676239002402e-08
1.787783557421445780e-08
1.700272497953533837e-08
1.610026462714408421e-08
1.518663866844186641e-08
1.429768889692002125e-08
1.350353614083017837e-08
1.283804284794888339e-08
1.224728203988410239e-08
1.165818465398402215e-08
1.107249483646582424e-08
1.047604212350688895e-08
9.857095695977929484e-09
9.254519383069621073e-09
8.742247213512465987e-09
8.327682094800152189e-09
7.945606579734004660e-09
7.551930670484207009e-09
7.161624190865652969e-09
6.772809098401456949e-09
6.356493265206015747e-09
5.951294867385112525e-09
5.640029065299725880e-09
5.379895275281272992e-09
5.126988348225416950e-09
4.861331480200974055e-09
4.604946483949066475e-09
4.356117831410269427e-09
4.071124066643483917e-09
3.808488772674297304e-09
3.620386759942067358e-09
3.457068888879017813e-09
3.283697101989301595e-09
3.102379936971604028e-09
2.938971226401809556e-09
2.780921388097231615e-09
2.581964347203011374e-09
2.418371096389107783e-09
2.299912136609077088e-09
2.198363316404343226e-09
2.080899001908649586e-09
1.956683426451161170e-09
1.854625723838605867e-09
1.748784482448220247e-09
1.610646728316650362e-09
1.514330978003316803e-09
1.434180705729807229e-09
1.365602570690275388e-09
1.286652470640979506e-09
1.200424357720471654e-09
1.136946509892264949e-09
1.060230683751896972e-09
9.663467284086296016e-10
9.110513986349776650e-10
8.542318952677305713e-10
8.043918344909419423e-10
7.530762174756834778e-10
6.924403459831991036e-10
6.519125970713783916e-10
5.956691896855394132e-10
5.366529121505493825e-10
5.013235540711540281e-10
4.648825301217282623e-10
4.296590100332552743e-10
3.961860830271332283e-10
3.576212526219882517e-10
3.343711863347776789e-10
2.948565830461194569e-10
2.647338309741450430e-10
2.423685429327173403e-10
2.248546609460729681e-10
2.034156485058222907e-10
1.859933021986067908e-10
1.677428697959207099e-10
1.585239905790203818e-10
1.376610424262941332e-10
1.272229017221034607e-10
1.187354490373308920e-10
1.150904748405722037e-10
1.076279834234425570e-10
1.019428960682394055e-10
9.755006395938061095e-11
9.608170544845374735e-11
8.714353454564991750e-11
8.562856164179459546e-11
8.237848474195383657e-11
8.138105456673202593e-11
7.727111836651878662e-11
7.261801400370509157e-11
6.929581367030945644e-11
6.494171287126220831e-11
5.653825449469097702e-11
5.306483084276643223e-11
4.720778396966689728e-11
4.287114954747427113e-11
3.803244214438719128e-11
3.275399672059037377e-11
2.998470138325760839e-11
2.668911948023006286e-11
2.299299039178036157e-11
2.271023083508513620e-11
2.182516248934195522e-11
2.185709124332096128e-11
2.186245724016589300e-11
2.124167356077836122e-11
2.170328744675504422e-11
2.017009969923854721e-11
1.866518212049400334e-11
1.716614837934711623e-11
1.531395530912016590e-11
1.305373984170287115e-11
1.112726227239154419e-11
9.391307182379322150e-12
8.890403032704329825e-12
7.941382594593851772e-12
8.062699916987664765e-12
8.417215333040448476e-12
8.845889248270905708e-12
8.701266402043233535e-12
8.099068434902735724e-12
7.164333054450245198e-12
6.172118191214989221e-12
4.734490307501945863e-12
4.052500369040606118e-12
3.757735039002743284e-12
3.983628038491984776e-12
4.306927937238549662e-12
4.433545233928029241e-12
4.384490533265179321e-12
3.835065821809610975e-12
2.908350471013648298e-12
2.339811206246671075e-12
2.037973122401735865e-12
2.172228267457394921e-12
2.534268055020367902e-12
2.586433010228952645e-12
2.444719671902481965e-12
1.879215206861350696e-12
1.335337502315593992e-12
1.215398502040451001e-12
1.420175336026171395e-12
1.653267994854722059e-12
1.654118716514345164e-12
1.212921722426807956e-12
8.974937593294738601e-13
7.590597470086145632e-13
1.015088986198543883e-12
1.146776999590980161e-12
9.960175611658227371e-13
6.094480982422887642e-13
5.331865263726761224e-13
6.826699932073697753e-13
8.573094698289939048e-13
6.103165742564883332e-13
3.874225954632829116e-13
4.063794359763338767e-13
6.222304882075513774e-13
5.158486949219500587e-13
2.981966282528026398e-13
2.847325176831567089e-13
4.848049307244523663e-13
3.626212723100494443e-13
1.991429725488435177e-13
2.659939369495827533e-13
3.832719727658699038e-13
1.860531342087711460e-13
1.685537068932129661e-13
2.913604984513986613e-13
2.044286548142016629e-13
9.540344599989931659e-14
2.552681424167157359e-13
1.443572710458034812e-13
9.716998564725638463e-14
2.008826331556702240e-13
1.019962695662389719e-13
9.099482671692840374e-14
1.774614337838006807e-13
2.639787306198812609e-14
1.579289233491507079e-13
5.380145625541076211e-14
9.106387149158740359e-14
9.001163571181556357e-14
4.635457047116623786e-14
9.750287403556086623e-14
3.125203923259778190e-14
8.596665436671255149e-14
2.956022833479667566e-14
7.011180173251199144e-14
3.023417236205700288e-14
5.639249782842618461e-14
2.980456945997598467e-14
4.585899466017128465e-14
2.811997978739260317e-14
3.787845831447231763e-14
2.574140093146029945e-14
3.169078783163089771e-14
2.313228126590217312e-14
2.675291221495125459e-14
2.055867336938870875e-14
2.271838384804121645e-14
1.814924162206040485e-14
1.936635891235315748e-14
1.595579530075252470e-14
1.654984325441796594e-14
1.399070990492709636e-14
1.416544992420045069e-14
1.224716582665184923e-14
1.213665662590213117e-14
1.070962504378536853e-14
1.040445633372314829e-14
9.359186122164921906e-15
8.921934189983038149e-15
8.176300831889182835e-15
7.650956480319770118e-15
7.142123912429110462e-15
6.560034881215847778e-15
6.239145588959973305e-15
5.622874146083513706e-15
5.451443817368349954e-15
4.817336856841719708e-15
4.764734828042941345e-15
4.124675373852147278e-15
4.166318615789027036e-15
3.528943114144834882e-15
3.644972581698968225e-15
3.016531419669142143e-15
3.190822902630561527e-15
2.575797749547969071e-15
2.795210060283566608e-15
2.196762455174122285e-15
2.450557501447936228e-15
1.870858463878679656e-15
2.150248113102221669e-15
1.590722692561755630e-15
1.888510708670910842e-15
1.350020962134757420e-15
1.660317290372858088e-15
1.143300199495057849e-15
1.461291026837774678e-15
9.658631148237954050e-16
1.287624440994099040e-15
8.136615633806619374e-16
1.136007067609037961e-15
6.832055510096483061e-16
1.003561745764816783e-15
5.714854135476028261e-16
8.877886892979187394e-16
4.759051412659168105e-16
7.865165048068676683e-16
3.942251682583952753e-16
6.978593752292397033e-16
3.245132222365090519e-16
6.201796902615743530e-16
2.651020579369705489e-16
5.520554705582769301e-16
2.145530783747512115e-16
4.922519996239438894e-16
1.716250030975195892e-16
4.396971391162039722e-16
1.352468667094159028e-16
3.934598652073602363e-16
1.044947379011832576e-16
3.527316152222225802e-16
7.857163806381848847e-17
3.168100849527466393e-16
5.679021361069270372e-17
2.850851595797689617e-16
3.855777976491409808e-17
2.570267021330117598e-16
2.336340834112002379e-17
2.321739562345869019e-16
1.076677749854960198e-17
2.101263529602361847e-16
3.885413088803814543e-19
1.905355361491925751e-16
-8.097989071812009965e-18
1.730984467937938706e-16
-1.497403214530507298e-17
1.575513261329538716e-16
-2.048154567219289285e-17
1.436645158210707389e-16
-2.482859202692506897e-17
1.312379501406183148e-16
-2.819397458244981020e-17
1.200972476223437196e-16
-3.073124415678882156e-17
1.100903231731639358e-16
-3.257216143697966742e-17
1.010844510375220235e-16
-3.382968884236287935e-17
9.296371855797872697e-17
-3.460057602220570109e-17
8.562681904876757480e-17
-3.496759399818844730e-17
7.898513795333370093e-17
-3.500146572880728791e-17
7.296109392581528534e-17
-3.476253383115433352e-17
6.748669994907689931e-17
-3.430220174228621556e-17
6.250231597814954103e-17
-3.366417822004942603e-17
5.795556677385187857e-17
-3.288555251732510128e-17
5.380040345376143241e-17
-3.199772277088682240e-17
4.999628916478151243e-17
-3.102719749472990505e-17
4.650749260138079032e-17
-2.999628755882658138e-17
4.330247463595880561e-17
-2.892370331970225042e-17
4.035335603456606646e-17
-2.782506986170637932e-17
3.763545507410866122e-17
-2.671337130280552056e-17
3.512688593149075047e-17
-2.559933397656191115e-17
3.280820971198711054e-17
-2.449175668335396471e-17
3.066213110549581238e-17
-2.339779515496884495e-17
2.867323450830860218e-17
-2.232320701214894446e-17
2.682775453173993228e-17
-2.127256263499861659e-17
2.511337614935985784e-17
-2.024942646466282750e-17
2.351906068548814790e-17
-1.925651287092692128e-17
2.203489414922000090e-17
-1.829582004622202939e-17
2.065195497025033230e-17
-1.736874482059468322e-17
1.936219857339299787e-17
-1.647618116631193645e-17
1.815835660961162271e-17
-1.561860451901703552e-17
1.703384882584626424e-17
-1.479614392593916005e-17
1.598270604731783447e-17
-1.400864361671900354e-17
1.499950267531260547e-17
-1.325571558084690640e-17
1.407929756371967488e-17
-1.253678427514741712e-17
1.321758216598064468e-17
-1.185112458095421230e-17
1.241023494165095124e-17
-1.119789404607622627e-17
1.165348132817943982e-17
-1.057616005998848562e-17
1.094385848589836889e-17
-9.984922775153562576e-18
1.027818422618404287e-17
-9.423134322937913851e-18
9.653529632236415101e-18
-8.889714853576308923e-18
9.067194814871986986e-18
-8.383565872765074740e-18
8.516687588649650388e-18
-7.903581195554218139e-18
7.999704499756510843e-18
-7.448655915449698084e-18
7.514114109381812270e-18
-7.017693603730821119e-18
7.057942149850975554e-18
-6.609612043129411702e-18
6.629358405079580287e-18
