# bin_4_3
4.519555412970186045e-08
-3.665174625583875916e-08
4.222113214397060073e-08
-3.470483529257997899e-08
3.948254157961059648e-08
-3.285314130654830929e-08
3.695904118106049567e-08
-3.109293993935973998e-08
3.463213830684167513e-08
-2.942018277489096239e-08
3.248536480032596859e-08
-2.783055856716201936e-08
3.050408345021785358e-08
-2.631953619248442008e-08
2.867532347812398041e-08
-2.488239359811416101e-08
2.698764110586012757e-08
-2.351423155700983111e-08
2.543100364597233175e-08
-2.220997570668316164e-08
2.399669465656610926e-08
-2.096436630545505856e-08
2.267723868155796870e-08
-1.977193773417038273e-08
2.146634385761621226e-08
-1.862698738738605608e-08
2.035886100320262418e-08
-1.752353660301277357e-08
1.935075741464630920e-08
-1.645528245340738093e-08
1.843910373654620812e-08
-1.541554398375319414e-08
1.762207181913000118e-08
-1.439720320525478898e-08
1.689894069396318355e-08
-1.339264449965616291e-08
1.627010762140714705e-08
-1.239369516293310414e-08
1.573709902972697435e-08
-1.139157254746291027e-08
1.530257611129512511e-08
-1.037684382004026423e-08
1.497032713786602004e-08
-9.339406953290817269e-09
1.474523678130036636e-08
-8.268502834193953903e-09
1.463322061744723949e-08
-7.152772478735176517e-09
1.464111005164130307e-08
-5.980374131852681180e-09
1.477647071525250798e-08
-4.739178957031434159e-09
1.504733472384969973e-08
-3.417065030676734302e-09
1.546182607656669346e-08
-2.002330760342291604e-09
1.602765854181010709e-08
-4.842470918596410046e-10
1.675148797351851642e-08
1.146236366295074502e-09
1.763810805456301716e-08
2.895625896832866256e-09
1.868949056312402725e-08
4.766868602341705372e-09
1.990369099858058936e-08
6.758222472631189871e-09
2.127367005902883585e-08
8.862080132880086170e-09
2.278612008714975242e-08
1.106385966275312469e-08
2.442043678127796119e-08
1.334113113424464763e-08
2.614803410266070873e-08
1.566320756095508261e-08
2.793226131319790208e-08
1.799148642722405745e-08
2.972923088376190215e-08
2.028086718124327142e-08
3.148988831456205994e-08
2.248256645673535634e-08
3.316361925362852397e-08
2.454857823956648213e-08
3.470356431361768518e-08
2.643784046451522758e-08
3.607355895885403555e-08
2.812384244433198753e-08
3.725620891432727938e-08
2.960292069376729333e-08
3.826105155502086060e-08
3.090187098231703871e-08
3.913109732220167427e-08
3.208284748546339213e-08
3.994543813520276907e-08
3.324302731782913601e-08
4.081531026442512891e-08
3.450650463696225147e-08
4.187137311776229712e-08
3.600674506534227308e-08
4.324141946398148193e-08
3.786004476418300396e-08
4.502053780276113369e-08
4.013390449402726455e-08
4.723975478269603613e-08
4.281854680990048068e-08
4.984345482487601871e-08
4.581352641671263873e-08
5.268841697291551828e-08
4.894201533543884177e-08
5.557525914889168922e-08
5.199990519897005292e-08
5.831374510320257704e-08
5.483350870906486099e-08
6.080646467147971533e-08
5.742030979587775218e-08
6.311576158111199671e-08
5.991026720613338304e-08
6.546828678699294197e-08
6.258525787550432538e-08
6.816604607354635989e-08
6.572573394710729591e-08
7.142149939520332370e-08
6.943622522559073097e-08
7.520295836593077492e-08
7.354381163956776718e-08
7.921685336776975130e-08
7.768466518109330110e-08
8.310071135906424905e-08
8.158109675600787366e-08
8.673555713409722462e-08
8.531925811810836244e-08
9.041061601516835972e-08
8.933468756907436246e-08
9.459953806250326762e-08
9.400553808715277485e-08
9.946173019279472503e-08
9.920582500648875764e-08
1.046079047002976068e-07
1.044048573391061712e-07
1.095570687814715265e-07
1.093692658894088938e-07
1.144433728849158876e-07
1.145769472497354227e-07
1.199037831476328067e-07
1.205407782458593425e-07
1.260697772869063663e-07
1.269224235914442783e-07
1.322907460241211243e-07
1.331153535622668442e-07
1.383755964646684424e-07
1.394987913417333583e-07
1.450720617205607637e-07
1.467131870318848496e-07
1.524621990218335046e-07
1.542019606909899243e-07
1.597612149600519503e-07
1.615911322717343468e-07
1.673568766675449001e-07
1.697370919185681808e-07
1.758186920545845918e-07
1.783796023964080299e-07
1.843072301791045851e-07
1.869826062745408492e-07
1.932064193511063808e-07
1.964580456710820249e-07
2.029075576648199217e-07
2.062097928465419905e-07
2.126109252037767939e-07
2.163350545950902451e-07
2.232083122197459588e-07
2.272584997878914586e-07
2.340573851359745527e-07
2.383295102364440459e-07
2.455956611087589895e-07
2.503495957570815704e-07
2.576228447903394902e-07
2.625700453117101950e-07
2.703209552356366494e-07
2.757504062857068150e-07
2.835273675206348125e-07
2.892745276206029411e-07
2.975867315853538246e-07
3.036645874554567862e-07
3.120738412501186365e-07
3.187255196952335194e-07
3.275339610724967996e-07
3.343857797820955962e-07
3.436475948787655981e-07
3.510265078303986187e-07
3.604616869952172994e-07
3.684099802536784615e-07
3.782609184355628655e-07
3.865410794143964324e-07
3.969478826974431807e-07
4.056332255431921827e-07
4.164695306346153073e-07
4.257300533475507687e-07
4.369308440574288603e-07
4.468082927517906173e-07
4.584282863236858445e-07
4.688959757639477840e-07
4.810107578329242209e-07
4.920559905928655037e-07
5.047163738782955645e-07
5.163537467979718173e-07
5.295918986997690918e-07
5.418500225795246150e-07
5.556927335518943051e-07
5.686043145565582725e-07
5.830793920121703501e-07
5.966778721521574285e-07
6.118157126825405699e-07
6.261349242740672281e-07
6.419684588071514485e-07
6.570430245230351393e-07
6.736074197949584362e-07
6.894731574488009990e-07
7.068056155313176051e-07
7.234998248182750506e-07
7.416394967067576610e-07
7.592011552198511367e-07
7.781891284982501595e-07
7.966590350425143652e-07
8.165383633925409774e-07
8.359592531164493677e-07
8.567750086577870164e-07
8.771916532540759460e-07
8.989909912600252712e-07
9.204502908736443997e-07
9.432825210137923960e-07
9.658335909378158339e-07
9.897502514600059011e-07
1.013444504762667388e-06
1.038499437091604136e-06
1.063390663186665486e-06
1.089640084829891802e-06
1.115784523244035961e-06
1.143287096954213442e-06
1.170743504961335509e-06
1.199560401954086425e-06
1.228390114202501748e-06
1.258585068905580869e-06
1.288852046613009987e-06
1.320491399994777020e-06
1.352262266672315118e-06
1.385414994615808278e-06
1.418759054589568591e-06
1.453496777091947750e-06
1.488486012277420333e-06
1.524882978404351595e-06
1.561592017843420941e-06
1.599725060367716238e-06
1.638231115924703057e-06
1.678179568384618051e-06
1.718562328695072569e-06
1.760407896214220313e-06
1.802749369457136224e-06
1.846575943024644327e-06
1.890960237317326335e-06
1.936853639328252479e-06
1.983366667490009233e-06
2.031414314145031293e-06
2.080143407217760538e-06
2.130433870858413903e-06
2.181467282074222002e-06
2.234089733662727313e-06
2.287516011502202732e-06
2.342559520225644005e-06
2.398466725797016381e-06
2.456019389183473053e-06
2.514494129387957615e-06
2.574642003394990831e-06
2.635768247258829913e-06
2.698594041572698213e-06
2.762451682797277468e-06
2.828033182173632173e-06
2.894696306503300989e-06
2.963104474537978558e-06
3.032639286172236084e-06
3.103936003658314317e-06
3.176398360935005122e-06
3.250633747300244776e-06
3.326066254669801885e-06
3.403275518384643180e-06
3.481704119872835968e-06
3.561903882875883782e-06
3.643333902589220544e-06
3.726517945597929878e-06
3.810929524417336270e-06
3.897063905692851101e-06
3.984406791494711381e-06
4.073424302750735569e-06
4.163611966025518386e-06
4.255405907647978817e-06
4.348308977402229900e-06
4.442726263345956124e-06
4.538165312257561093e-06
4.634998955712680188e-06
4.732736711682951118e-06
4.831717799066848396e-06
4.931450925940189516e-06
5.032240262457139035e-06
5.133590939312840314e-06
5.235770647758697419e-06
5.338278287208124361e-06
5.441343766006077933e-06
5.544457350044547687e-06
5.647810148723671408e-06
5.750881827022396934e-06
5.853824177411657697e-06
5.956104965838064286e-06
6.057836911484972530e-06
6.158475541942389896e-06
6.258095827447661636e-06
6.356142020902481815e-06
6.452654119666816708e-06
6.547067760009278725e-06
6.639392604883528393e-06
6.729060446823412972e-06
6.816057540518077941e-06
6.899819138868557070e-06
6.980317699501408608e-06
7.057002130240450041e-06
7.129843692693551851e-06
7.198318259260853567e-06
7.262411607516653238e-06
7.321642984106801100e-06
7.376031323800888705e-06
7.425158370000419328e-06
7.469097156698403698e-06
7.507512847425008338e-06
7.540554585842034781e-06
7.567992087397822570e-06
7.590071701863585790e-06
7.606686637697881529e-06
7.618197807345731271e-06
7.624635411817089106e-06
7.626484895084975727e-06
7.623917514826478608e-06
7.617541576484904720e-06
7.607659638403815693e-06
7.594985213277089633e-06
7.579924496289786884e-06
7.563259012677108019e-06
7.545450318983652155e-06
7.527289738032732485e-06
7.509225449295880808e-06
7.491981543012953756e-06
7.475908300634331863e-06
7.461574273708064500e-06
7.449142237247061908e-06
7.438939636805177915e-06
7.430864342158041853e-06
7.424940145037626146e-06
7.420757451450533525e-06
7.418020829701189144e-06
7.416029331593298732e-06
7.414221504622455042e-06
7.411697263074090434e-06
7.407761550844027785e-06
7.401484113448764472e-06
7.392236070138660044e-06
7.379276107195765890e-06
7.362265902751441877e-06
7.340863398307416091e-06
7.315196530375390368e-06
7.285440492828345368e-06
7.252229439785331210e-06
7.216200188941459212e-06
7.178333241793229561e-06
7.139463653265986315e-06
7.100566890837816596e-06
7.062266012819396037e-06
7.025107298151794959e-06
6.989118900700054181e-06
6.954138195355541871e-06
6.919479315302089240e-06
6.884356400954840677e-06
6.847676825357617940e-06
6.808541814217061055e-06
6.766103421255676815e-06
6.720041021806702822e-06
6.670350298278576887e-06
6.617657824038878469e-06
6.562827000086132856e-06
6.507054854837479954e-06
6.451325837598401657e-06
6.396424651625901473e-06
6.342461464185948105e-06
6.289073408915915944e-06
6.235269953251997380e-06
6.179964076365389513e-06
6.122094854737948208e-06
6.061231941605728738e-06
5.997544015802099400e-06
5.931992893244233130e-06
5.865790073696754596e-06
5.800130290978282539e-06
5.735489258786395735e-06
5.671592304202914444e-06
5.607342506217556503e-06
5.541539297917517888e-06
5.473343477111378719e-06
5.402951169440193688e-06
5.331382814589241033e-06
5.260101268714633848e-06
5.189984858761805541e-06
5.120913265797366865e-06
5.051688530773158924e-06
4.981024427740598204e-06
4.908398512160302667e-06
4.834668816302114649e-06
4.761349445905564778e-06
4.689535784530539036e-06
4.618857187351266008e-06
4.547936941359070151e-06
4.475599755502546381e-06
4.402171963383716101e-06
4.329081575945240865e-06
4.257476023427122561e-06
4.186935621126290951e-06
4.116204219440686497e-06
4.044776947192806009e-06
3.973663689268377793e-06
3.903873268407816744e-06
3.834978025877374444e-06
3.765682360586104626e-06
3.696035455839026611e-06
3.627538471881778135e-06
3.560942122939751910e-06
3.495012204845490720e-06
3.428758748888440540e-06
3.363045088044950666e-06
3.298768359579929334e-06
3.235023772446787212e-06
3.171316251262301332e-06
3.108982036127823476e-06
3.048533398894461644e-06
2.988543323007768122e-06
2.928897785606242591e-06
2.870633579584672575e-06
2.813060135365390669e-06
2.755664339224924580e-06
2.699826281191558101e-06
2.645468713730805443e-06
2.591851084244385654e-06
2.539620702766350232e-06
2.488246894333810410e-06
2.437299885312764216e-06
2.387525640536862881e-06
2.338350129001571421e-06
2.290357677289462307e-06
2.244058200508266170e-06
2.198721713957192657e-06
2.154579569215807040e-06
2.111039988817180534e-06
2.068309334328655920e-06
2.026304806718831807e-06
1.985018511604406257e-06
1.945135359477468090e-06
1.906546531153818852e-06
1.869254274725393066e-06
1.832682856172539666e-06
1.796833479047109323e-06
1.761566514890121590e-06
1.726900944148419411e-06
1.692954278109600646e-06
1.660348534802769431e-06
1.628957967111647075e-06
1.598624288373100061e-06
1.568938132964989874e-06
1.539742552397069182e-06
1.511036776454875342e-06
1.482755934111433158e-06
1.455186258146374256e-06
1.428863777367885667e-06
1.403593749548964678e-06
1.379126229758195941e-06
1.355129781942470782e-06
1.331477593347783058e-06
1.308187146525631364e-06
1.285168439701447427e-06
1.262865531247675206e-06
1.241635964501300902e-06
1.221266709695433005e-06
1.201408146164886564e-06
1.181875826733977599e-06
1.162620450161493775e-06
1.143594317259376286e-06
1.124699797537177294e-06
1.106481306577432384e-06
1.089183629006826978e-06
1.072569484991314167e-06
1.056234246291704461e-06
1.040080060285294553e-06
1.024168336822160027e-06
1.008367986876354974e-06
9.926249762098255212e-07
9.775232091115715783e-07
9.631474342528048724e-07
9.492695729199168620e-07
9.355282774088164916e-07
9.218901596749391453e-07
9.084750341043454905e-07
8.950404641710252051e-07
8.816577086851838691e-07
8.688908848261045871e-07
8.565898357166135437e-07
8.446102856095967665e-07
8.327284597796134537e-07
8.208764133847984262e-07
8.092341578897077831e-07
7.975170780624433735e-07
7.858735045897152309e-07
7.747674578205598675e-07
7.639453604313359756e-07
7.533018898512965130e-07
7.427331427604229250e-07
7.322222253266168567e-07
7.219237126093473104e-07
7.115097437160956999e-07
7.012690914266543770e-07
6.913952535745811960e-07
6.817215228447581423e-07
6.720815323784491515e-07
6.625203834038366613e-07
6.530513026357011909e-07
6.437235811268955573e-07
6.342139030683903229e-07
6.248405552362520774e-07
6.156182154312803640e-07
6.064502102569563929e-07
5.971699377490568344e-07
5.878697869076359317e-07
5.786214660739353883e-07
5.693787809765002411e-07
5.599057865803498672e-07
5.505049704090866210e-07
5.410891589312742379e-07
5.316690769191692166e-07
5.221697051138922206e-07
5.127123146564027492e-07
5.034297185930638144e-07
4.942287634878416498e-07
4.850149506896398621e-07
4.760321809614905259e-07
4.671151997813903470e-07
4.583500796982970258e-07
4.497285439347966248e-07
4.412844018538594189e-07
4.331392285471833152e-07
4.251538604067185843e-07
4.172760838527120058e-07
4.096246941674329153e-07
4.020530695532655024e-07
3.946503371554752351e-07
3.874343660078549380e-07
3.804034299163021266e-07
3.736375921822342179e-07
3.669815774784280026e-07
3.604310229820710230e-07
3.539469883794402100e-07
3.474850541154764798e-07
3.410720568184649245e-07
3.347493562271452219e-07
3.285070303791020308e-07
3.224134310283900480e-07
3.163845307121040923e-07
3.104362711499524578e-07
3.044961703584646976e-07
2.985850622442189314e-07
2.927160716431796238e-07
2.869012793714745995e-07
2.811092004356212795e-07
2.753665210835436433e-07
2.696318709739200910e-07
2.638977853949953251e-07
2.581267567516884115e-07
2.523855062692363067e-07
2.467166809254933466e-07
2.411233975235234489e-07
2.355759181069858050e-07
2.300854198045239601e-07
2.246230615368981553e-07
2.191463746253698538e-07
2.136503588462505922e-07
2.081711635985932082e-07
2.027337591636641495e-07
1.973517966939084821e-07
1.920368007392887716e-07
1.868447718394191464e-07
1.817602787617446541e-07
1.766986981677935766e-07
1.716539003502792167e-07
1.666372395268934355e-07
1.616793457023118183e-07
1.567951118506311178e-07
1.519793031875221372e-07
1.472788276226096746e-07
1.426784856762581229e-07
1.381461542264751442e-07
1.337040463290557552e-07
1.293598162130460007e-07
1.251042125841144841e-07
1.209215484187117096e-07
1.167894296418626900e-07
1.127361148994085689e-07
1.087548224033586640e-07
1.048953807389298803e-07
1.011892375721972056e-07
9.761024742876619312e-08
9.410863426181517908e-08
9.065169660229593833e-08
8.723847957343034072e-08
8.393069317311099245e-08
8.071867397827775240e-08
7.761185013867678229e-08
7.462019080997337993e-08
7.175127028480101636e-08
6.896068237804023003e-08
6.621330840304468417e-08
6.353536359038307537e-08
6.096878887485238795e-08
5.849351643708347192e-08
5.609458506056937103e-08
5.377030663867719811e-08
5.153593722145197516e-08
4.937620682829572254e-08
4.728529690975797828e-08
4.527967474289989573e-08
4.335273683943485629e-08
4.148619478380931687e-08
3.970635827452186939e-08
3.796969640197138749e-08
3.627684982120695508e-08
3.467259977356279510e-08
3.313850062878027317e-08
3.166064154784282758e-08
3.024194130286224003e-08
2.888018002575897238e-08
2.759332946434287932e-08
2.633465482258097826e-08
2.511333614972266129e-08
2.395818238041121209e-08
2.284727892721668128e-08
2.177608849590194475e-08
2.074584424331260881e-08
1.978488305559473344e-08
1.886827770191963288e-08
1.799506063391582733e-08
1.714423628429754316e-08
1.632477869944319780e-08
1.552712465693526907e-08
1.475653505306101254e-08
1.403371734102331377e-08
1.336288508047894457e-08
1.273333806323305511e-08
1.214544117572768087e-08
1.156437368478082157e-08
1.098961057516186336e-08
1.042240182747389877e-08
9.877670902134643950e-09
9.379811295763192170e-09
8.922218619982267194e-09
8.503769159315221292e-09
8.111863368337226416e-09
7.717157245331176115e-09
7.318712817269141789e-09
6.920987073741414920e-09
6.545400368640206842e-09
6.205182025948674931e-09
5.905674823909326199e-09
5.631274088701543113e-09
5.367669802167502173e-09
5.100522581407181457e-09
4.828340026689262358e-09
4.553046636041290226e-09
4.297707344202602957e-09
4.072214090630385829e-09
3.881613773809841950e-09
3.699994403571618974e-09
3.520652886426850333e-09
3.341124426953938231e-09
3.157869540487097704e-09
2.969537819919115253e-09
2.796386644741564730e-09
2.653391355096029892e-09
2.531568788833549567e-09
2.408763722893290726e-09
2.285080601044861377e-09
2.166434808744547511e-09
2.044965370138397319e-09
1.914593658613618277e-09
1.798675282135605084e-09
1.708612744290661484e-09
1.630449673230948518e-09
1.546727609635931546e-09
1.460929256417283124e-09
1.382895182660811403e-09
1.301023968281848493e-09
1.209494039814388046e-09
1.135293366951608695e-09
1.075997302798336889e-09
1.023226368704032924e-09
9.654087847511654025e-10
9.053813565833965401e-10
8.540203682379863962e-10
7.960320124825901341e-10
7.314954763611765819e-10
6.857603270190028270e-10
6.441708806868860770e-10
6.063116385819667716e-10
5.668338413589465318e-10
5.242204119105555441e-10
4.899819377872154048e-10
4.484176894929761138e-10
4.053985901557819336e-10
3.766949871780784764e-10
3.492536208607949110e-10
3.229833793119934740e-10
2.967648297036486654e-10
2.692645469937962266e-10
2.488267086599338900e-10
2.204714182423488946e-10
1.968094223820449263e-10
1.799932120359821076e-10
1.661069524813773507e-10
1.507438368854127113e-10
1.370165585809075659e-10
1.241067480568999789e-10
1.157704995992268273e-10
1.011881063065692848e-10
9.262320558591073742e-11
8.692568780183405581e-11
8.405105667082244711e-11
7.922381175088529375e-11
7.501575515931231236e-11
7.231667969749684303e-11
7.086829970352431355e-11
6.484081654356107142e-11
6.338919334448044505e-11
6.159259399864019472e-11
6.093440385843319434e-11
5.826280197049456089e-11
5.477455921142811121e-11
5.240893971575690701e-11
4.885359918939080250e-11
4.260418249461334911e-11
3.964596308498709133e-11
3.539493511415270064e-11
3.198550079372320955e-11
2.835316894441187781e-11
2.425290531940871751e-11
2.214979448066755482e-11
1.948419442737120100e-11
1.669987073822890246e-11
1.646459972823456597e-11
1.602757152226520984e-11
1.615212412899508647e-11
1.633579637595712496e-11
1.592532401351037217e-11
1.639220125944554985e-11
1.518373386236699777e-11
1.403269569788602616e-11
1.287214123115577393e-11
1.151784760471897418e-11
9.732650412844153552e-12
8.253596927233919316e-12
6.880843134683977286e-12
6.537267787283443477e-12
5.743525680078912984e-12
5.888364617637959674e-12
6.212401888873022420e-12
6.669370877870924171e-12
6.575250528473472532e-12
6.149459213736253214e-12
5.404328339711152434e-12
4.652209992427115473e-12
3.445106979047380520e-12
2.927867252813105707e-12
2.699616469691939748e-12
2.949483316180605530e-12
3.212636952101818870e-12
3.354538311700005879e-12
3.325403197488218184e-12
2.914537340651770883e-12
2.128657281350887949e-12
1.708147545485093470e-12
1.460313055763041855e-12
1.608371747158874452e-12
1.897175649691064715e-12
1.960332852710662404e-12
1.849300526326550625e-12
1.412998389035479473e-12
9.478882521459974283e-13
8.855913557953142474e-13
1.046252474392368919e-12
1.258884545758066948e-12
1.250092649874000453e-12
9.048562925192094966e-13
6.517345099274369632e-13
5.506641172412959234e-13
7.490466213081689244e-13
8.772572106246732529e-13
7.503108602465223725e-13
4.469641186786707179e-13
3.763766222836488073e-13
5.104777701095404901e-13
6.547469698277164535e-13
4.599197786118465768e-13
2.714924299196429341e-13
2.989704598563750917e-13
4.713173800691612629e-13
3.939393789662357966e-13
2.094848706693070798e-13
2.080473687241123899e-13
3.688700370422795715e-13
2.742939543730304036e-13
1.379737524758278954e-13
1.996985926441291360e-13
2.907381030388329093e-13
1.376696122268748840e-13
1.176694675610859332e-13
2.254607580656348257e-13
1.506178320027056843e-13
6.619731677690138435e-14
1.943523163679506381e-13
1.086702654503272576e-13
6.590660818953351204e-14
1.569657495996874035e-13
7.134390061518460076e-14
6.807826560454422550e-14
1.347814367657263550e-13
1.609220814101142142e-14
1.200681533098406684e-13
3.948148800181833356e-14
6.632739248843452203e-14
6.997024947595766518e-14
3.063183133647248498e-14
7.676937167270091321e-14
1.911425103137849966e-14
6.785481551270017154e-14
1.849193684437527527e-14
5.531651910571143811e-14
1.971210945269965798e-14
4.446342689199713130e-14
1.994068273917617829e-14
3.616613531277653999e-14
1.906553805210051386e-14
2.991260457925008686e-14
1.755746615785300934e-14
2.508563385624275711e-14
1.580551467852916635e-14
2.124550347922814651e-14
1.403535341477843003e-14
1.811321475245789324e-14
1.235879800970001428e-14
1.551221647396596832e-14
1.082369585595542208e-14
1.332597170512910849e-14
9.444790588441449952e-15
1.147319385947058743e-14
8.220448900421745446e-15
9.894165955982057221e-15
7.141351682325252384e-15
8.543125429577804480e-15
6.194964890222940667e-15
7.383866664438160271e-15
5.367832518309142754e-15
6.387071466139065845e-15
4.646737987594299857e-15
5.528598589272270492e-15
4.019268971338269116e-15
4.788328988997167311e-15
3.474063590656711357e-15
4.149348649194833057e-15
3.000885586581415793e-15
3.597346493682476672e-15
2.590608626249937438e-15
3.120155754912763201e-15
2.235154090251088210e-15
2.707395153266508393e-15
1.927407184609087876e-15
2.350182176429640256e-15
1.661125338925273343e-15
2.040900163033931887e-15
1.430846658995682425e-15
1.773006651992717475e-15
1.231802623057992813e-15
1.540874106054484552e-15
1.059837121580966796e-15
1.339656508022267332e-15
9.113327194609544451e-16
1.165176943799756702e-15
7.831443130293528376e-16
1.013832414987443018e-15
6.725399527818397744e-16
8.825129318898532464e-16
5.771483887985011553e-16
7.685325343984258396e-16
4.949127932146758140e-16
6.695703367720081841e-16
4.240500784843359474e-16
5.836200390072137171e-16
3.630152342875691656e-16
5.089466170521118305e-16
3.104701329781312768e-16
4.440491211310811393e-16
2.652562915730421126e-16
3.876286838647763922e-16
2.263711230859391709e-16
3.385609826076576164e-16
1.929472541527866698e-16
2.958725165795695242e-16
1.642345311810001175e-16
2.587201561715693907e-16
1.395843782021628907e-16
2.263735024381762104e-16
1.184362089011884712e-16
1.981996629636576885e-16
1.003056299855809365e-16
1.736501069162046723e-16
8.477420543595608045e-17
1.522493109606539646e-16
7.148057867335954920e-17
1.335849484559132607e-16
6.011277625996302741e-17
1.172994093477980159e-16
5.040153795905767008e-17
1.030824684281463554e-16
4.211453817514911229e-17
9.066494445779775613e-17
3.505138131103824974e-17
7.981321505881694861e-17
2.903926860154987634e-17
7.032447082189209954e-17
2.392924711131181504e-17
6.202260799821226008e-17
1.959296373563591299e-17
5.475467334091359533e-17
1.591985655570698898e-17
4.838778602057340751e-17
1.281472557914729973e-17
4.280647232797768743e-17
1.019563157004335798e-17
3.791035725273936360e-17
7.992079533797120784e-18
3.361216492284990643e-17
6.143448197447478487e-18
2.983598611395586163e-17
4.597632754801948763e-18
2.651577706380239745e-17
3.309872013022006416e-18
2.359405840968096930e-17
2.241735137946359328e-18
2.102078738619720693e-17
1.360246390684852990e-18
1.875238004615546830e-17
6.371294216054511039e-19
1.675086341235633093e-17
4.815468981257463481e-20
1.498314011320052354e-17
-4.274237704035191180e-19
1.342035059017493520e-17
-8.073544001840205572e-19
1.203731964018324718e-17
-1.106807465474256362e-18
1.081207621343453682e-17
-1.338736772653880027e-18
9.725436599137772913e-18
-1.514191538287746438e-18
8.760642617614086788e-18
-1.642585301895035255e-18
7.903047412305816181e-18
-1.731927581441846035e-18
7.139842610879120677e-18
-1.789023548628120595e-18
6.459821279829556522e-18
-1.819645908385448306e-18
5.853171992758720250e-18
-1.828682938767516023e-18
5.311299817440255862e-18
-1.820265855342443814e-18
4.826670729065421078e-18
-1.797878392228744746e-18
4.392676287238394904e-18
-1.764450996816351685e-18
4.003515967528284387e-18
-1.722441862857652216e-18
3.654094749484268638e-18
-1.673906433597828699e-18
3.339934002791466554e-18
-1.620557167894933994e-18
3.057093911642138184e-18
-1.563814758198033226e-18
2.802105897068387600e-18
-1.504852104042025965e-18
2.571913768970931488e-18
-1.444631941832134538e-18
2.363822414007045293e-18
-1.383939108755869044e-18
2.175453087343536009e-18
-1.323408104557121180e-18
2.004704422088235828e-18
-1.263546707604699383e-18
1.849718381334920105e-18
-1.204756067815446766e-18
1.708850584100908603e-18
-1.147347906898936139e-18
1.580644366782811693e-18
-1.091559123465130279e-18
1.463808153698917797e-18
-1.037564245204122336e-18
1.357195659978170737e-18
-9.854859803853456543e-19
1.259788615596719844e-18
-9.354041635369577726e-19
1.170681643632664601e-18
-8.873633139726387314e-19
1.089069063854165284e-18
-8.413790139610041066e-19
1.014233329747250363e-18
-7.974432429648243971e-19
9.455349419674969573e-19
-7.555288497286762407e-19
