# bin_5_1
1.267818751847673730e-07
-1.189436575597466977e-07
1.190625056009320804e-07
-1.119930146865927841e-07
1.118304927691782191e-07
-1.054417343066256358e-07
1.050530972396930548e-07
-9.926767764617571230e-08
9.870004564108343227e-08
-9.344975864606334458e-08
9.274332315491216739e-08
-8.796791365814393764e-08
8.715698724449761864e-08
-8.280306698490893863e-08
8.191700023826387461e-08
-7.793709349415156841e-08
7.700107892290272809e-08
-7.335277856836400170e-08
7.238855938440360458e-08
-6.903377643208794680e-08
6.806027550230722059e-08
-6.496456704316525295e-08
6.399844994588931807e-08
-6.113041208890853978e-08
6.018659632200710404e-08
-5.751731038875112236e-08
5.660943141268063520e-08
-5.411195296412293020e-08
5.325279664609907181e-08
-5.090167814303359466e-08
5.010358766173761507e-08
-4.787442695272324271e-08
4.714969129690051243e-08
-4.501869903647062580e-08
4.437992877412698306e-08
-4.232350984314676141e-08
4.178400434514451204e-08
-3.977834925824651117e-08
3.935245808229913829e-08
-3.737314278500347265e-08
3.707662164728203446e-08
-3.509821601061716464e-08
3.494857540725416002e-08
-3.294426373363659162e-08
3.296110522933744299e-08
-3.090232532600580457e-08
3.110765663623348479e-08
-2.896376839893536506e-08
2.938228402292332134e-08
-2.712028301930793227e-08
2.777959181295506471e-08
-2.536388939883802547e-08
2.629466456346801211e-08
-2.368696206710502396e-08
2.492298237682482643e-08
-2.208227374179265694e-08
2.366031839409050956e-08
-2.054306193581552980e-08
2.250261532612171311e-08
-1.906312051829733812e-08
2.144583916104614321e-08
-1.763691720628388377e-08
2.048581006438961948e-08
-1.625973531441602895e-08
1.961801362944571579e-08
-1.492783439997102871e-08
1.883740002572178696e-08
-1.363861922257002993e-08
1.813818494454936143e-08
-1.239079928445979138e-08
1.751367388073972889e-08
-1.118451281311233880e-08
1.695614046803788329e-08
-1.002137962372931644e-08
1.645679895769732687e-08
-8.904438311179151373e-09
1.600591885899652152e-08
-7.837917178040352064e-09
1.559313312427117040e-08
-6.826788703198487560e-09
1.520798595238381301e-08
-5.876068852390109017e-09
1.484074689993739805e-08
-4.989851377999355778e-09
1.448347881293194828e-08
-4.170117755550055769e-09
1.413128406441040576e-08
-3.415439130061328822e-09
1.378356656026496516e-08
-2.719782770390688596e-09
1.344504505569206563e-08
-2.071737703807559730e-09
1.312615880704020918e-08
-1.454551154902167677e-09
1.284245948531349360e-08
-8.473701231724523625e-10
1.261264073954302157e-08
-2.279488830320525057e-10
1.245508134053793390e-08
4.232439849000917784e-10
1.238321262620222213e-08
1.118122659556492765e-09
1.240064232717606260e-08
1.856559130313363416e-09
1.249763026238744085e-08
2.624289142508206147e-09
1.265090831124121328e-08
3.395103313872534186e-09
1.282852316494061692e-08
4.138438413173784663e-09
1.299993695768232201e-08
4.831415665636027728e-09
1.314899575463760328e-08
5.471375544082317233e-09
1.328432843777266219e-08
6.082325026986054128e-09
1.344010144384756460e-08
6.708712830857093614e-09
1.366228565942524108e-08
7.394813368990018206e-09
1.398312573322658185e-08
8.157689296239906148e-09
1.439715009052311879e-08
8.971401592701587295e-09
1.485833594652577044e-08
9.780324888800131570e-09
1.530991618560175267e-08
1.054200938433350431e-08
1.573275688654477535e-08
1.127024126415009002e-08
1.617096146172589544e-08
1.203293657685228917e-08
1.669734556074953701e-08
1.288924708074354288e-08
1.733624150841274752e-08
1.382032328292040565e-08
1.802705464896969851e-08
1.474453202313879976e-08
1.869485682094344912e-08
1.562607105703029810e-08
1.935986332955939555e-08
1.653921891657881907e-08
2.012026788497892471e-08
1.756383685156670928e-08
2.099622028106143249e-08
1.864808248510183936e-08
2.188676557648999912e-08
1.969839347970052468e-08
2.276189006264759599e-08
2.077366133379895138e-08
2.373697865177977839e-08
2.197339532543626994e-08
2.482461328869959756e-08
2.321188648888071549e-08
2.590310121402724238e-08
2.443143964515444302e-08
2.703209031455594104e-08
2.576482332978690060e-08
2.829959354939245629e-08
2.717216617686100881e-08
2.957556315757269142e-08
2.857068390126989598e-08
3.091911040809223108e-08
3.010171656174762762e-08
3.239072268131582096e-08
3.167334812152673545e-08
3.386647371494151637e-08
3.330073549244141706e-08
3.548418324150183589e-08
3.504988762753148586e-08
3.714440892991691709e-08
3.682029310571643407e-08
3.891465516284835142e-08
3.873618987938666201e-08
4.076390815244742554e-08
4.068191769566822900e-08
4.272017361221429166e-08
4.277519161393930266e-08
4.475827054720243105e-08
4.492084699458482232e-08
4.693141020179346015e-08
4.719987773128151720e-08
4.917377651189323331e-08
4.958224433832422772e-08
5.156967769409704332e-08
5.205707570275443222e-08
5.406963198507784928e-08
5.468349437275349066e-08
5.668089251202674646e-08
5.742487860436685591e-08
5.944747733142522459e-08
6.028215601771314655e-08
6.235430094519349782e-08
6.328850460532578852e-08
6.539315917108922342e-08
6.645083050777984988e-08
6.858030339120856904e-08
6.976569229796379601e-08
7.193067297288353954e-08
7.323758644042175981e-08
7.545185769928376306e-08
7.687640167386363074e-08
7.914978809086241798e-08
8.069241726958051358e-08
8.303174157251355156e-08
8.469519731246998272e-08
8.710634045234506970e-08
8.889410951612605341e-08
9.138300668629789767e-08
9.329879514555901675e-08
9.587168550166110818e-08
9.791935927825655365e-08
1.005827836111782395e-07
1.027664247226992157e-07
1.055271851025101097e-07
1.078511489892698944e-07
1.107162832642963068e-07
1.131852381926263107e-07
1.161620118376386951e-07
1.187809645898517995e-07
1.218768737378718038e-07
1.246511874550091709e-07
1.278739681459463846e-07
1.308093761053332100e-07
1.341670168296345379e-07
1.372696341918848918e-07
1.407703901306217394e-07
1.440467246754294429e-07
1.476991327506480957e-07
1.511560950668119017e-07
1.549689892669068870e-07
1.586139025674513880e-07
1.625964291755363320e-07
1.664370387331570460e-07
1.705986711522811736e-07
1.746431532376844694e-07
1.789937061161656587e-07
1.832506762314186063e-07
1.878003185681584564e-07
1.922788386870784171e-07
1.970381055514677926e-07
2.017476899955608871e-07
2.067274924273797712e-07
2.116781119161142581e-07
2.168897444882118738e-07
2.220918277955268678e-07
2.275469732151988323e-07
2.330114057465560275e-07
2.387221357450457584e-07
2.444602542046343471e-07
2.504390258138349416e-07
2.564626079671933476e-07
2.627222541025202455e-07
2.690435024429136641e-07
2.755972155021658801e-07
2.822287334026695798e-07
2.890900403437561880e-07
2.960447990098614624e-07
3.032275260845723967e-07
3.105188203154938969e-07
3.180370453060234569e-07
3.256784357180600341e-07
3.335464251437835459e-07
3.415516641053208564e-07
3.497837924362504928e-07
3.581667305054576802e-07
3.667773779330812447e-07
3.755518470776453143e-07
3.845552718544608920e-07
3.937349411664744750e-07
4.031451219337559292e-07
4.127433209386874723e-07
4.225737638277573326e-07
4.326032678357151991e-07
4.428667724627848528e-07
4.533395437392681663e-07
4.640479215458313716e-07
4.749747994205680200e-07
4.861385371707682191e-07
4.975288695980339630e-07
5.091567302907148210e-07
5.210179388884799905e-07
5.331164919436552943e-07
5.454535622579428219e-07
5.580266347023643194e-07
5.708415234870448586e-07
5.838895641260925829e-07
5.971805159557475282e-07
6.106998653600906159e-07
6.244606321071627283e-07
6.384426928940250275e-07
6.526616517632121840e-07
6.670919564029220071e-07
6.817511256446265147e-07
6.966083032272371027e-07
7.116822597373971513e-07
7.269369092128305082e-07
7.423916194183199951e-07
7.580051052555593436e-07
7.737966904894027900e-07
7.897198880108109702e-07
8.057933585300948404e-07
8.219653908922677365e-07
8.382533992936631731e-07
8.546004266778667030e-07
8.710221121261433875e-07
8.874562564755606179e-07
9.039162760508032373e-07
9.203347916417389466e-07
9.367226639882404448e-07
9.530074947021298534e-07
9.691974131077885515e-07
9.852153101069310912e-07
1.001066615227888027e-06
1.016670021242052510e-06
1.032028554557048524e-06
1.047057488914692086e-06
1.061758071384048328e-06
1.076043266869838655e-06
1.089913555534018779e-06
1.103281095121526588e-06
1.116147053078336256e-06
1.128424719698584343e-06
1.140117878755314472e-06
1.151143349921162196e-06
1.161509934544074727e-06
1.171140809444834612e-06
1.180052608810477936e-06
1.188178032338038829e-06
1.195544639749648368e-06
1.202097973995843563e-06
1.207879652170054777e-06
1.212851239981253900e-06
1.217071223949243005e-06
1.220519809416045400e-06
1.223274358238951119e-06
1.225335224778380740e-06
1.226799248358109938e-06
1.227686698886434104e-06
1.228112435150908074e-06
1.228114016468830367e-06
1.227820190647515071e-06
1.227280255300295772e-06
1.226629638563385095e-06
1.225920677980201061e-06
1.225285215405724747e-06
1.224767111000440170e-06
1.224481993511095121e-06
1.224452035233854209e-06
1.224763261912634736e-06
1.225403348669096124e-06
1.226417150260140737e-06
1.227748468703235519e-06
1.229394625534820118e-06
1.231253190977096969e-06
1.233276361758292506e-06
1.235323397277986804e-06
1.237315160505759915e-06
1.239092367966051105e-06
1.240569825299158006e-06
1.241599555820114109e-06
1.242123096938967219e-06
1.242037322395700120e-06
1.241341993694328207e-06
1.240005114029813768e-06
1.238102370970728527e-06
1.235678884450364387e-06
1.232878005737524109e-06
1.229798062181909879e-06
1.226610711409809186e-06
1.223414896724853785e-06
1.220349208830558134e-06
1.217449664984150573e-06
1.214764431463543055e-06
1.212224591608796212e-06
1.209769931385537343e-06
1.207239217458991399e-06
1.204509690277453971e-06
1.201404001071657564e-06
1.197834283005807415e-06
1.193710477789231098e-06
1.189069394772827479e-06
1.183963695397268119e-06
1.178558800954941425e-06
1.172994006842262560e-06
1.167451894216297516e-06
1.162011404436166194e-06
1.156723249078602571e-06
1.151495607976817831e-06
1.146212910212868233e-06
1.140675266554643951e-06
1.134754487861690102e-06
1.128348985471517182e-06
1.121512746423209051e-06
1.114353254284294030e-06
1.107079846325132440e-06
1.099836705265097482e-06
1.092723100354052866e-06
1.085665047249796355e-06
1.078525486563092515e-06
1.071091813076951941e-06
1.063262774922836160e-06
1.055033749875155274e-06
1.046579666076439639e-06
1.038086663244914142e-06
1.029709375167219216e-06
1.021400544116865707e-06
1.013005219146426226e-06
1.004302532326537487e-06
9.952354442491842291e-07
9.859012195461128811e-07
9.765440983711274569e-07
9.672978887207263599e-07
9.581274322748774042e-07
9.488022283101142813e-07
9.391691697264908562e-07
9.292528354041862817e-07
9.192849896844926210e-07
9.094092243632552999e-07
8.995780700863451616e-07
8.895781965767862612e-07
8.793536286118182781e-07
8.690359303526802312e-07
8.587975175668135172e-07
8.485541538948880210e-07
8.381281855959212771e-07
8.275026880308652733e-07
8.169170336031331148e-07
8.064643724563844892e-07
7.959806609679033013e-07
7.853029254877238411e-07
7.745802103887328132e-07
7.639308685573440373e-07
7.532363136581923048e-07
7.424027824775855619e-07
7.316438071813603400e-07
7.210221756975227735e-07
7.103474168118168659e-07
6.995930314768867125e-07
6.889330519480116810e-07
6.782525332933780193e-07
6.674914994231411734e-07
6.568396317589896781e-07
6.462985763999957249e-07
6.357495807201733226e-07
6.253140106802071283e-07
6.149069101861379315e-07
6.044824774650668899e-07
5.941447032372623050e-07
5.838228631607724175e-07
5.735877915360843700e-07
5.635286718939146468e-07
5.535331828252707213e-07
5.436606925874229684e-07
5.338213063130525489e-07
5.240634141079084426e-07
5.143685846054943735e-07
5.047473644985717291e-07
4.952847401938397453e-07
4.859772926011462559e-07
4.768247641223399074e-07
4.677655386370737285e-07
4.588007580887539674e-07
4.499250094166159146e-07
4.411363277678249462e-07
4.324586022218776405e-07
4.239666741114746801e-07
4.156549703522613844e-07
4.075006495422867332e-07
3.994650064985819157e-07
3.915262789807293795e-07
3.836966606667970768e-07
3.759616354611838051e-07
3.683656126759745641e-07
3.609711810300143792e-07
3.537623875458974242e-07
3.467044433702567602e-07
3.397660490429271986e-07
3.329272064026204158e-07
3.262002238022227447e-07
3.195677387734321327e-07
3.130935112382178890e-07
3.068168830996208282e-07
3.007184792711114207e-07
2.947490547037404085e-07
2.888910776826381233e-07
2.831315900097961664e-07
2.774732357217185434e-07
2.719004966586537649e-07
2.664902745007730656e-07
2.612680197757792355e-07
2.562093475316367912e-07
2.512544834450798542e-07
2.463902425882305559e-07
2.416147558436534393e-07
2.369201683429288927e-07
2.323013508355909441e-07
2.278424877861606096e-07
2.235513630511084404e-07
2.194014004700113186e-07
2.153330388361437750e-07
2.113346994686746053e-07
2.074102876035035745e-07
2.035396421061044886e-07
1.997387821836745842e-07
1.960925732396912068e-07
1.925819894266332207e-07
1.891845976647143234e-07
1.858516506644996134e-07
1.825629891207924881e-07
1.793298527062840475e-07
1.761288973574550228e-07
1.729913552710764117e-07
1.699925287470463863e-07
1.670993858139049327e-07
1.642867584372041187e-07
1.615173666411322416e-07
1.587775271856037111e-07
1.560780445304666955e-07
1.533927354309282443e-07
1.507754147509589414e-07
1.482703368716754830e-07
1.458495817969987519e-07
1.434752221551498774e-07
1.411315739099298641e-07
1.388143893338289423e-07
1.365239856628387613e-07
1.342352839945686479e-07
1.320129585088493376e-07
1.298817280602770786e-07
1.278161213906512777e-07
1.257737977672233886e-07
1.237510669684741077e-07
1.217574530940292848e-07
1.197796285659286840e-07
1.177995178540675866e-07
1.158830769183728188e-07
1.140352503897024505e-07
1.122352391940374131e-07
1.104475693075687762e-07
1.086755228548467597e-07
1.069369667809513764e-07
1.052046933830537026e-07
1.034769318574102476e-07
1.018144797692584398e-07
1.001981237611430167e-07
9.861839888163967394e-08
9.705607042696409111e-08
9.550924885181876093e-08
9.400145818073491682e-08
9.249860946468027415e-08
9.100820429729437890e-08
8.957554281652763845e-08
8.816999893601474510e-08
8.678607505985960774e-08
8.541565868122870176e-08
8.405600168004783845e-08
8.272519774496401585e-08
8.138336892758542956e-08
8.005197297026472550e-08
7.874716250684876844e-08
7.745176160300087998e-08
7.615572146696463579e-08
7.486649946870421271e-08
7.358497925706083785e-08
7.232150259512494914e-08
7.104061897397405406e-08
6.976836091616488001e-08
6.850099790473403744e-08
6.723219372892406416e-08
6.595074712435551575e-08
6.466817418535464786e-08
6.338973189835855545e-08
6.211741708195712479e-08
6.082863533220807659e-08
5.955004505399145335e-08
5.827343382091952779e-08
5.700789930516349895e-08
5.575388129842418888e-08
5.452651616550572519e-08
5.333775429239510361e-08
5.218492748041938634e-08
5.105622587761232522e-08
4.996763379553007502e-08
4.890226923197775348e-08
4.786794848945903299e-08
4.686195243777882524e-08
4.588455148773719092e-08
4.494022023185715875e-08
4.401777447840585461e-08
4.310785945281357906e-08
4.221426936437707636e-08
4.132441330920450956e-08
4.044682722220661909e-08
3.958309571739326261e-08
3.873368295732855418e-08
3.790559811739042817e-08
3.709236727535618371e-08
3.629113656266445963e-08
3.549615752495180186e-08
3.470372035592637549e-08
3.391745638758868279e-08
3.313806988442047283e-08
3.236192237047907930e-08
3.159275613423132158e-08
3.082948703538601637e-08
3.007463717448664613e-08
2.932741618613088649e-08
2.859360641519846909e-08
2.787548721622716563e-08
2.717023178305079351e-08
2.647248537073180514e-08
2.578384665266290223e-08
2.510303662496825317e-08
2.442462178948859299e-08
2.374635769672255115e-08
2.307448571157847022e-08
2.241615954896302397e-08
2.177382515058630890e-08
2.114516785809697305e-08
2.053249013276637161e-08
1.993648859762545320e-08
1.934944892990889143e-08
1.876870263225446738e-08
1.819266154723870237e-08
1.762249103985392414e-08
1.705982042270998321e-08
1.650874361645224531e-08
1.597786415036097309e-08
1.546560943100127241e-08
1.496298091219340183e-08
1.447023496910793285e-08
1.398603323397894105e-08
1.351342238696855258e-08
1.305422226760763734e-08
1.260150005365387967e-08
1.215515649526059646e-08
1.171801346199124320e-08
1.129379109930626645e-08
1.088966237409879473e-08
1.050200773205330281e-08
1.012453126584652230e-08
9.753006290475023590e-09
9.385688803055782728e-09
9.026462787249149343e-09
8.675393592979443179e-09
8.338664023380761143e-09
8.018025208582711048e-09
7.711808102574685561e-09
7.413597159100389679e-09
7.119049915424173124e-09
6.828619177631212813e-09
6.551978658041373806e-09
6.288423808816617940e-09
6.031587784054220103e-09
5.781806061363479170e-09
5.543784371481839770e-09
5.313132120586764464e-09
5.087988570373004652e-09
4.871794428999584474e-09
4.664445068952521045e-09
4.465238705439859598e-09
4.275169706079966658e-09
4.090723105390431928e-09
3.910448236582925050e-09
3.737998638793504816e-09
3.573393134914192635e-09
3.414677013941088957e-09
3.261849182098370197e-09
3.113506376576984700e-09
2.977177536628098790e-09
2.844231901873400715e-09
2.713118911560298939e-09
2.589622399945518098e-09
2.470848177851645440e-09
2.354934966510374252e-09
2.243084597660135477e-09
2.138743013972704016e-09
2.040578789518811446e-09
1.947070643517947380e-09
1.856149542357505551e-09
1.768185136158777687e-09
1.682347827107676069e-09
1.599167405393288492e-09
1.519341314145783003e-09
1.447014449060818225e-09
1.377449129479001001e-09
1.313281226044091787e-09
1.250113218616327644e-09
1.187614996450803054e-09
1.126260348860461207e-09
1.066336756892366916e-09
1.010931336813475821e-09
9.599647514602675609e-10
9.125691854335419771e-10
8.678698197672494154e-10
8.235713885720162596e-10
7.792313216129550385e-10
7.352133207353071003e-10
6.922734033530984951e-10
6.529061484158767337e-10
6.174417092234725751e-10
5.847913851727638787e-10
5.529315992409231997e-10
5.212621323332902826e-10
4.895984385209596270e-10
4.575537081514149273e-10
4.265148429342993638e-10
3.983917654971868960e-10
3.737426136246128914e-10
3.505966782872535812e-10
3.276335097857156641e-10
3.048301427237612839e-10
2.822370287013828455e-10
2.591210816319664821e-10
2.369626449642797273e-10
2.179327131607085005e-10
2.013143088480573906e-10
1.855322802462565821e-10
1.699368676733026760e-10
1.548203681201089197e-10
1.402737393509006309e-10
1.252885685396106409e-10
1.116968232869705718e-10
1.011088372646941717e-10
9.222050772179743526e-11
8.380038199018376847e-11
7.580722585958435507e-11
6.878089816089476719e-11
6.243061407581977902e-11
5.549693848524914254e-11
5.025596597475381489e-11
4.720029875548192829e-11
4.532867583728664424e-11
4.333232759809238583e-11
4.139863045183335205e-11
4.019379345412298129e-11
3.893708280871727472e-11
3.663718753354701160e-11
3.554421090918085033e-11
3.506273276891805556e-11
3.475181691938021639e-11
3.363801405066618602e-11
3.193190338983501658e-11
3.044345465930389746e-11
2.810725341399965519e-11
2.480769225880073660e-11
2.256904992876206529e-11
2.026564833077975896e-11
1.816046129327179680e-11
1.596495762156932385e-11
1.364022511772856779e-11
1.217276302726392513e-11
1.051119157136351518e-11
8.978454479350339675e-12
8.744397198749625000e-12
8.739258481695768152e-12
8.978275905496696802e-12
9.220663618510455563e-12
9.205158178244868473e-12
9.457763956152398688e-12
8.816849058016713192e-12
8.075751631677183178e-12
7.397719793480500465e-12
6.601662547915429955e-12
5.545552473972275898e-12
4.597237785325882021e-12
3.790540458804819804e-12
3.528551052277739706e-12
3.070541247229000964e-12
3.156792736782865394e-12
3.461720486391709442e-12
3.835208554862711027e-12
3.847052551496376704e-12
3.603495929921950235e-12
3.164313744994316541e-12
2.666284224652854996e-12
1.870602368331448711e-12
1.523503420804376233e-12
1.416488792805878814e-12
1.625306533332715055e-12
1.832861925704909170e-12
1.951312714276976658e-12
1.961700765049434916e-12
1.704705310742556877e-12
1.172270192804867110e-12
9.066529819374388720e-13
7.637687049080268314e-13
8.886331432141801452e-13
1.089150996078220021e-12
1.143110281632678191e-12
1.087565575721725232e-12
8.049142252318632754e-13
4.873541808027655247e-13
4.665723128188389705e-13
5.842513687303450113e-13
7.384818329035365149e-13
7.337239254522716746e-13
5.082248665274401250e-13
3.516688215607406168e-13
2.885927092482908482e-13
4.183188008434192249e-13
5.196861775092386488e-13
4.386169309583272996e-13
2.398442509495075143e-13
1.906108460368563078e-13
2.867150751416841628e-13
3.937966214676825308e-13
2.627244201677743337e-13
1.357512196216805959e-13
1.605001007124115289e-13
2.795477009231575858e-13
2.311352240227722199e-13
1.059152167632689398e-13
1.092561712099571171e-13
2.211153394763680421e-13
1.570718601752347842e-13
6.801531189546956399e-14
1.118875681755351698e-13
1.734519656319759102e-13
7.400251113554178665e-14
5.922878815419679297e-14
1.352872901973100338e-13
8.550015542645479022e-14
2.893667125173429401e-14
1.173036547862243942e-13
6.059671457732840903e-14
3.129679367610098201e-14
9.572225573493625362e-14
3.652476751494177194e-14
3.689999735964027287e-14
8.121024634171274173e-14
2.853031275489268005e-15
7.257500015065484697e-14
1.987947061962725085e-14
3.722156865821261447e-14
4.157512508424485902e-14
1.398644572699718192e-14
4.702711671640629468e-14
7.054349295874791589e-15
4.168353047949909919e-14
7.407185621297886388e-15
3.378240853640353353e-14
8.905552487601442452e-15
2.694545821104272597e-14
9.638121801177808167e-15
2.177422913273971922e-14
9.542257198234586368e-15
1.792919773428802064e-14
8.949389243608633364e-15
1.499861629030225740e-14
8.133465460488723033e-15
1.269065379976737887e-14
7.255844564839758635e-15
1.082197396456786701e-14
6.399275593200008079e-15
9.278138160837563663e-15
5.602038534928074107e-15
7.984811002479400368e-15
4.879094318004810019e-15
6.890992778114361199e-15
4.233584842542703380e-15
5.959789339982979416e-15
3.662844136053900243e-15
5.163302389947956153e-15
3.161521999766159718e-15
4.479701618256511203e-15
2.723213207832721161e-15
3.891465124011124393e-15
2.341306551530949070e-15
3.384265456580692361e-15
2.009419513397131976e-15
2.946227493775764207e-15
1.721609036103286821e-15
2.567410406018728236e-15
1.472459903823731758e-15
2.239431014831322606e-15
1.257106162780519066e-15
1.955180416822597917e-15
1.071216494538011421e-15
1.708604721399699505e-15
9.109610663968948944e-16
1.494531535790340187e-15
7.729698853453494367e-16
1.308530178741362123e-15
6.542883903493194633e-16
1.146797468961068492e-15
5.523335174574646215e-16
1.006063369401797711e-15
4.648519965566885955e-16
8.835123513103132518e-16
3.898817617051392307e-16
7.767174050183989985e-16
3.257168361725334382e-16
6.835843585179259577e-16
2.708757475532829711e-16
6.023046869253181727e-16
2.240733531980683875e-16
5.313153762367322152e-16
1.841958616530316703e-16
4.692646885228971027e-16
1.502787904092378593e-16
4.149828922507103518e-16
1.214875844663245723e-16
3.674571887800588768e-16
9.710062281649586534e-17
3.258101989313943513e-16
7.649435232435585888e-17
2.892814790052753584e-16
5.913030657610144646e-17
2.572116213821462776e-16
4.454378791194190838e-17
2.290285649614851562e-16
3.233401202035182346e-17
2.042357982746417702e-16
2.215553530119209675e-17
1.824021861134318494e-16
1.371080486224740018e-17
1.631531906033108028e-16
6.743689285115514605e-18
1.461632912077630477e-16
1.033865009237927403e-18
1.311494365773765599e-16
-3.608051858011109538e-18
1.178653851587285496e-16
-7.344724876302389221e-18
1.060968118410906493e-16
-1.031575237509210276e-17
9.565707530164560119e-17
-1.264083228349331440e-17
8.638355547266737111e-17
-1.442250124693856783e-17
7.813448327349911464e-17
-1.574850423846819600e-17
7.078619551342323712e-17
-1.669384378269736116e-17
6.423075718141103874e-17
-1.732255131310319641e-17
5.837390133873545039e-17
-1.768921780220434184e-17
5.313324363430765794e-17
-1.784031586865011757e-17
4.843673435225710360e-17
-1.781534130776421321e-17
4.422131602314513475e-17
-1.764779833139757008e-17
4.043175889988757385e-17
-1.736604957812307212e-17
3.701965048141105420e-17
-1.699404913700159341e-17
3.394251836370411381e-17
-1.655197443268882890e-17
3.116306864539465241e-17
-1.605677065606870882e-17
2.864852440021358610e-17
-1.552261964138716395e-17
2.637005089979144182e-17
-1.496134346475058267e-17
2.430225602206083457e-17
-1.438275166422953913e-17
2.242275585809784889e-17
-1.379493978019556390e-17
2.071179685218141717e-17
-1.320454590771147238e-17
1.915192699945587208e-17
-1.261697098380381535e-17
1.772770960893881833e-17
-1.203656783826079440e-17
1.642547400131632510e-17
-1.146680328769557513e-17
1.523309828383822776e-17
-1.091039700378617494e-17
1.413981999210141802e-17
-1.036944038271841367e-17
1.313607091732980925e-17
-9.845498188722077021e-18
1.221333297032982009e-17
-9.339695371451534382e-18
1.136401233114755863e-17
-8.852791131095864379e-18
1.058132948251915157e-17
-8.385242019776545853e-18
9.859223088030624904e-18
-7.937255624111539656e-18
9.192265894104001985e-18
-7.508836157669811522e-18
8.575591111221810836e-18
-7.099823111207107805e-18
8.004827925023095215e-18
-6.709923952178532255e-18
7.476044949086663452e-18
-6.338741721247680981e-18
6.985700620808789339e-18
-5.985798266261520772e-18
6.530599630125071498e-18
-5.650553743171874658e-18
6.107854631193795005e-18
-5.332422919208457340e-18
5.714852558160912255e-18
-5.030788765439406850e-18
5.349224960943281779e-18
-4.745013720908854777e-18
5.008821863283311465e-18
-4.474448983975789672e-18
4.691688692994328650e-18
-4.218442126407734872e-18
4.396045904451219879e-18
-3.976343285740408210e-18
4.120270964649692079e-18
-3.747510146727875711e-18
3.862882399762621540e-18
-3.531311910904714459e-18
3.622525662322093139e-18
-3.327132402477736312e-18
3.397960584490395252e-18
-3.134372454651328992e-18
3.188050236673281644e-18
-2.952451690904925387e-18
2.991751013935490377e-18
-2.780809799508157492e-18
2.808103808997946646e-18
-2.618907388800813817e-18
2.636226139505274686e-18
-2.466226491920549573e-18
