# bin_3_3
1.216917327999438009e-07
-1.117316203335422208e-07
1.141996833848823001e-07
-1.052930847974515053e-07
1.072002673228244223e-07
-9.921616732665855072e-08
1.006584553485219068e-07
-9.348151146255319389e-08
9.454215340664921499e-08
-8.807044773486406728e-08
8.882194367347854787e-08
-8.296499493260539722e-08
8.347085569335832412e-08
-7.814785044274116142e-08
7.846416485369304129e-08
-7.360237075765715912e-08
7.377921587020121823e-08
-6.931254398733888923e-08
6.939526849485852481e-08
-6.526295495751747515e-08
6.529336369772171915e-08
-6.143874339120722829e-08
6.145620827735930208e-08
-5.782555671341005399e-08
5.786807682288128855e-08
-5.440949733412531208e-08
5.451472882460986898e-08
-5.117706517624579798e-08
5.138334013782949246e-08
-4.811509676633096524e-08
4.846244661396994321e-08
-4.521070084700315285e-08
4.574189896285642518e-08
-4.245119268202645151e-08
4.321282566325915538e-08
-3.982402805961942194e-08
4.086760259810164179e-08
-3.731673961971866127e-08
3.869982546955883834e-08
-3.491687841256386951e-08
3.670428096751495890e-08
-3.261196500465756937e-08
3.487691205375405447e-08
-3.038945510425741870e-08
3.321477038293236178e-08
-2.823672696261433375e-08
3.171594815257462953e-08
-2.614109841424442458e-08
3.037947991670179833e-08
-2.408988398156051830e-08
2.920520290835509920e-08
-2.207050366980650658e-08
2.819356328054429076e-08
-2.007065626500555457e-08
2.734535472715335828e-08
-1.807857066361459109e-08
2.666137602591343486e-08
-1.608334789368196723e-08
2.614199555774603474e-08
-1.407540320776720093e-08
2.578661597233619965e-08
-1.204701236882440570e-08
2.559303904743936281e-08
-9.992954981127519725e-09
2.555674480414368504e-08
-7.911233181613242788e-09
2.567011666702293615e-08
-5.803820847879850254e-09
2.592167082591317280e-08
-3.677370354399768092e-09
2.629537993469415375e-08
-1.543767651799727475e-09
2.677021919592691094e-08
5.796118769854817332e-10
2.732010205112789656e-08
2.670132127184316835e-09
2.791440492842451265e-08
4.700819258219520530e-09
2.851929497580425922e-08
6.642187798204731365e-09
2.910005181838794293e-08
8.465129009401340897e-09
2.962449344203907522e-08
1.014490193699808581e-08
3.006745306004180736e-08
1.166605565474462568e-08
3.041599097497406048e-08
1.302779686814274910e-08
3.067466344813679996e-08
1.424891647988693690e-08
3.086974649910539894e-08
1.537096448133597913e-08
3.105092033709766477e-08
1.645804336799887503e-08
3.128872586247412443e-08
1.759158166929893378e-08
3.166634652789835368e-08
1.885900771995958476e-08
3.226520705773049125e-08
2.033660964552782572e-08
3.314569320916044886e-08
2.206910589380174670e-08
3.432688515042592445e-08
2.405124094253319081e-08
3.577195590644955550e-08
2.621912607424759797e-08
3.738753074074410916e-08
2.845945517829695434e-08
3.904398115617473638e-08
3.064121388419301846e-08
4.061759902837638595e-08
3.266587152212021236e-08
4.204465118351751138e-08
3.451955603423227887e-08
4.336462749403952534e-08
3.629976209298366154e-08
4.472320953376667906e-08
3.818918776167206587e-08
4.631483880686923508e-08
4.036962687862504287e-08
4.827620879939391023e-08
4.290925185545766390e-08
5.058637787948572907e-08
4.569699838120252075e-08
5.305526425953459326e-08
4.849841472936016712e-08
5.544824710932577216e-08
5.113458537575596273e-08
5.768794806680984625e-08
5.366153302878101592e-08
5.996066960921786643e-08
5.636095836676607754e-08
6.257192947672090923e-08
5.947755937401864752e-08
6.562438270214323863e-08
6.293044064922297701e-08
6.886630926700471534e-08
6.637723442636288934e-08
7.198668668497502424e-08
6.966748871195016550e-08
7.507175695396310167e-08
7.311012091660060634e-08
7.853260409303964610e-08
7.703673188152403010e-08
8.245395255847239638e-08
8.122917848297215420e-08
8.641538039120379318e-08
8.529597730977575876e-08
9.029315020395886475e-08
8.948223254239559033e-08
9.456993090928850897e-08
9.420186657695016810e-08
9.929859154991645408e-08
9.909571436057518668e-08
1.039720794588957113e-07
1.039223997384037914e-07
1.088405737239166699e-07
1.092352085791379842e-07
1.142717703485334166e-07
1.148663451855460464e-07
1.197233960953396462e-07
1.204697427085948980e-07
1.254431926725444004e-07
1.266345418162933255e-07
1.316837985943907709e-07
1.329759677280379192e-07
1.379285823629638183e-07
1.395569043506549173e-07
1.447533602407489269e-07
1.466518242376541569e-07
1.517432258440025346e-07
1.538406603371003907e-07
1.591806001901108070e-07
1.616412122913982724e-07
1.669360825682634059e-07
1.695700739770157406e-07
1.751271082468518691e-07
1.781179234283756295e-07
1.836486113513103533e-07
1.868869540004343060e-07
1.927230869279276036e-07
1.962145433183585214e-07
2.020758851446625291e-07
2.059748159405774730e-07
2.120590997537331896e-07
2.161217013191831989e-07
2.224663423204991866e-07
2.269014581183957459e-07
2.333279057694336213e-07
2.381606677272763527e-07
2.448276113118236573e-07
2.499025998399467083e-07
2.569025259079628115e-07
2.622651944579192083e-07
2.695183754067048041e-07
2.752767368669676881e-07
2.827429505318707910e-07
2.889223047582052529e-07
2.966385450662516919e-07
3.032201076656115684e-07
3.112367417237924160e-07
3.182108652022590830e-07
3.265621643451028706e-07
3.339369250359526314e-07
3.426450285738391769e-07
3.504376441092168882e-07
3.595211340682463082e-07
3.677515524450989386e-07
3.772295882430206195e-07
3.859183132146286981e-07
3.958116521206091330e-07
4.049795153748233602e-07
4.153104819126305427e-07
4.249788970583137254e-07
4.357711947879729204e-07
4.459624146884681939e-07
4.572410010703688122e-07
4.679782992175118763e-07
4.797693339260237226e-07
4.910771274935971025e-07
5.034079683672342247e-07
5.153119074870701588e-07
5.282111333242699642e-07
5.407381724180799478e-07
5.542356203566103588e-07
5.674140800703440748e-07
5.815408908211605945e-07
5.954005148549359859e-07
6.101891820314634993e-07
6.247611908484322121e-07
6.402456121008107875e-07
6.555627542621106526e-07
6.717782826108021940e-07
6.878748837454858294e-07
7.048583777803168359e-07
7.217703867228396608e-07
7.395602583731210002e-07
7.573252896237612858e-07
7.759615481107812406e-07
7.946189194274264841e-07
8.141432098117168650e-07
8.337339733932054536e-07
8.541896078508330595e-07
8.747565731848872700e-07
8.961885527836994152e-07
9.177762987876097954e-07
9.402313230971254869e-07
9.628861966694112301e-07
9.864126579978842805e-07
1.010182755496392116e-06
1.034830713915412172e-06
1.059765841373109405e-06
1.085586975931829529e-06
1.111738582994113938e-06
1.138786113640138509e-06
1.166207195242781561e-06
1.194535768926057630e-06
1.223280727607819484e-06
1.252946260836801205e-06
1.283070721280653603e-06
1.314130190003136646e-06
1.345690755899347304e-06
1.378201921981614492e-06
1.411255863599822809e-06
1.445276925352819502e-06
1.479881784269879944e-06
1.515470936425026691e-06
1.551684031692601788e-06
1.588898917945290181e-06
1.626776735588080391e-06
1.665673774332776101e-06
1.705271219472782131e-06
1.745904780669958021e-06
1.787274268820442320e-06
1.829695677132943218e-06
1.872886038373966593e-06
1.917142374880657200e-06
1.962197541843186049e-06
2.008330213944331321e-06
2.055287661977930099e-06
2.103330708761611636e-06
2.152219614607696285e-06
2.202197713278686044e-06
2.253036797391354882e-06
2.304962935794791205e-06
2.357757953644313766e-06
2.411630735039630682e-06
2.466371584971302902e-06
2.522172134778847745e-06
2.578829555144582534e-06
2.636518006383069347e-06
2.695039843815220756e-06
2.754551389595551421e-06
2.814858434808329184e-06
2.876098954043536325e-06
2.938080363067740509e-06
3.000921651281869074e-06
3.064430000471645969e-06
3.128704673270505175e-06
3.193550737903885513e-06
3.259046922520395240e-06
3.324994323596745493e-06
3.391450316178952048e-06
3.458210250248200878e-06
3.525309395204438849e-06
3.592535749458715661e-06
3.659901893511140637e-06
3.727187153655749145e-06
3.794381141248599647e-06
3.861253621814963422e-06
3.927771427872882395e-06
3.993694489760262258e-06
4.058967724677711734e-06
4.123341784654426901e-06
4.186741443884341110e-06
4.248909711350976848e-06
4.309754160083822762e-06
4.369013135341058572e-06
4.426581390461165119e-06
4.482197193676647535e-06
4.535748552376642923e-06
4.586980079321940844e-06
4.635780996234279821e-06
4.681910659452638984e-06
4.725269430184514861e-06
4.765641776226932495e-06
4.802950975355547315e-06
4.837018699826799643e-06
4.867804377703419677e-06
4.895180128427312946e-06
4.919155443554611443e-06
4.939666276494193291e-06
4.956785523410742181e-06
4.970524986541401328e-06
4.981031950330822589e-06
4.988402653667930110e-06
4.992865089582324960e-06
4.994602568453431561e-06
4.993922760092783281e-06
4.991089953647031351e-06
4.986480361771596875e-06
4.980421843282395206e-06
4.973335664138598391e-06
4.965582811165071427e-06
4.957592815505657982e-06
4.949716402775859534e-06
4.942342667169632718e-06
4.935758684759669841e-06
4.930257252595397652e-06
4.926005160613380618e-06
4.923144741263638068e-06
4.921673540615084808e-06
4.921543767953173232e-06
4.922556751465700853e-06
4.924464576754792186e-06
4.926882435183319233e-06
4.929395738119783349e-06
4.931491721224816162e-06
4.932672649747851747e-06
4.932404525630509083e-06
4.930232619896717029e-06
4.925740181431607414e-06
4.918657273698226550e-06
4.908817411086371173e-06
4.896246568631187105e-06
4.881103297480505851e-06
4.863734898472630703e-06
4.844590056992969620e-06
4.824236542872920929e-06
4.803246945274029091e-06
4.782187534513434550e-06
4.761495636231268700e-06
4.741467885181644220e-06
4.722164240170878900e-06
4.703434637181339493e-06
4.684886092279306338e-06
4.665975574242655036e-06
4.646051015844574168e-06
4.624498616409411258e-06
4.600818826035960317e-06
4.574763843721622137e-06
4.546365482853812746e-06
4.515975631054106615e-06
4.484173355642674601e-06
4.451672762458721028e-06
4.419128866515355242e-06
4.386997135945916393e-06
4.355379438660432436e-06
4.324007405932298766e-06
4.292285868079829840e-06
4.259489217526830564e-06
4.224975617102392897e-06
4.188434515820409376e-06
4.149999373317754483e-06
4.110240560570699258e-06
4.069950395540135701e-06
4.029849103749696023e-06
3.990264842771159851e-06
3.950991734987070186e-06
3.911363617236206140e-06
3.870589812030577617e-06
3.828164507093914076e-06
3.784179054047547510e-06
3.739301333792705945e-06
3.694425327799659471e-06
3.650131059310614300e-06
3.606316447145602996e-06
3.562251076660138255e-06
3.517097221731066241e-06
3.470548339585038213e-06
3.423119429920545623e-06
3.375788195867058493e-06
3.329221616191615252e-06
3.283209703554693406e-06
3.236863075636562914e-06
3.189465499175685661e-06
3.141203911201170315e-06
3.093002906100987532e-06
3.045565447415687588e-06
2.998646844705612817e-06
2.951434562928099967e-06
2.903634468240243236e-06
2.855871918796047108e-06
2.808811566894820355e-06
2.762169999915560149e-06
2.715150217400267117e-06
2.667765451402566630e-06
2.620984089511129927e-06
2.575267816594601323e-06
2.529862520522920984e-06
2.484134068051264111e-06
2.438652748447123869e-06
2.393975783211347217e-06
2.349552854340118664e-06
2.305056919917038383e-06
2.261349942714384581e-06
2.218747050514165336e-06
2.176373228918286109e-06
2.134151643672616859e-06
2.092759722158688133e-06
2.051753917186339208e-06
2.010829394495643009e-06
1.970845155885422436e-06
1.931767821639214608e-06
1.893123949616394643e-06
1.855347411312488645e-06
1.818098689655162214e-06
1.781125020185551357e-06
1.744892561584189335e-06
1.709055661887303926e-06
1.673969949823285665e-06
1.639971133619917759e-06
1.606594243270901016e-06
1.574006369654037557e-06
1.541828906782109180e-06
1.510207043905875891e-06
1.479084158579737171e-06
1.448469729871051383e-06
1.418782768338134744e-06
1.389966756105853638e-06
1.362018922728512362e-06
1.334591538485413733e-06
1.307678219478720435e-06
1.281200734588384475e-06
1.255168304764064877e-06
1.229667203004763916e-06
1.205078953803062728e-06
1.181337054733868680e-06
1.158334459827959193e-06
1.135820509615532870e-06
1.113685508383720509e-06
1.091935490307002295e-06
1.070529871283594889e-06
1.049661867837462679e-06
1.029662467555623093e-06
1.010420360521699292e-06
9.917670519620513286e-07
9.734926223896912710e-07
9.555022410306291111e-07
9.378117202795566568e-07
9.203693804283804574e-07
9.034701775032039931e-07
8.873387345557701501e-07
8.718476865268358968e-07
8.567607466306439911e-07
8.419513358665754969e-07
8.273705848415190049e-07
8.129943200858750888e-07
7.987709102397578810e-07
7.850624707526437547e-07
7.720275972422176774e-07
7.595161528577865916e-07
7.472489471868673427e-07
7.351476938559494093e-07
7.232327884981911633e-07
7.114289389059423128e-07
6.997168343928907515e-07
6.884900659704386767e-07
6.778102221306995302e-07
6.675248414029730352e-07
6.573757925044081296e-07
6.473249155835888566e-07
6.374326640697321328e-07
6.275555908062833367e-07
6.177581042995644236e-07
6.084279104343747923e-07
5.994761168779631077e-07
5.907939668727993175e-07
5.822065378157401700e-07
5.736558752735465722e-07
5.652432933045803740e-07
5.567966624621665582e-07
5.484323506542757202e-07
5.404778372965312216e-07
5.327679418627496114e-07
5.252114186006925635e-07
5.177124153191256654e-07
5.102520248108674359e-07
5.029200776858347102e-07
4.955156063484654651e-07
4.882506859021147499e-07
4.812830862061863516e-07
4.744939468780705403e-07
4.677555373956114607e-07
4.610825434003671791e-07
4.544897589501708132e-07
4.480032984504847724e-07
4.414222898036201097e-07
4.349867873332491229e-07
4.287347255987312100e-07
4.225821266271889328e-07
4.163937838202285332e-07
4.102180080547350079e-07
4.041068258990697883e-07
3.980109687528973775e-07
3.917713558186595260e-07
3.856134300143033406e-07
3.794870400697130100e-07
3.733689521063265877e-07
3.671790813263833786e-07
3.609856603286186458e-07
3.548787617810304104e-07
3.487677363017959451e-07
3.425887722510692922e-07
3.365344809146126324e-07
3.304906106387889766e-07
3.245021655628404689e-07
3.185568445958975267e-07
3.126825760847967780e-07
3.069849031507848988e-07
3.013576870692755099e-07
2.957831974840854925e-07
2.903759526111390528e-07
2.850251876073829375e-07
2.797832269829352384e-07
2.746583258759277403e-07
2.696483475702611416e-07
2.648201255663750273e-07
2.600456421795979539e-07
2.553431700905599652e-07
2.507060360432012413e-07
2.461013848722638398e-07
2.415476741901417132e-07
2.370857312244713674e-07
2.327125151620616110e-07
2.284777987286148805e-07
2.242938237131915538e-07
2.201863435028399815e-07
2.161021761480255339e-07
2.120477324776963815e-07
2.080209792482166891e-07
2.040419995081978163e-07
2.001005296893748752e-07
1.962220759217792398e-07
1.923631307334580665e-07
1.885347578375512397e-07
1.846950606285001208e-07
1.808835908419047868e-07
1.771176751619889074e-07
1.734030193661054776e-07
1.697212639258787868e-07
1.660735768794989848e-07
1.624311423096955935e-07
1.587817435745029745e-07
1.551123028349818686e-07
1.514610299620417125e-07
1.478452964901424969e-07
1.442691099365941659e-07
1.407337925271943466e-07
1.372602072468970638e-07
1.338305309574559390e-07
1.304049581340560816e-07
1.269802904901496531e-07
1.235703448015928767e-07
1.201888627394172202e-07
1.168467513106260242e-07
1.135523191305415836e-07
1.103379907858241712e-07
1.071869041504847880e-07
1.040582593253471328e-07
1.009578987885937987e-07
9.790261121490173986e-08
9.490175404789570900e-08
9.195038675334088276e-08
8.903871120203892214e-08
8.618462078092873427e-08
8.337598696683553413e-08
8.063130190561904895e-08
7.796749231911647057e-08
7.537675984937249181e-08
7.283343476661369418e-08
7.032340309073592281e-08
6.784823714282486840e-08
6.543657907635619569e-08
6.307896705403919787e-08
6.079676170420159794e-08
5.859604799074866593e-08
5.647170635983572597e-08
5.439844132379816342e-08
5.235054668041616431e-08
5.034126445794018249e-08
4.840706658700387688e-08
4.653402610730022132e-08
4.471819370609673902e-08
4.296340741933451945e-08
4.127901292867765805e-08
3.963997848825200145e-08
3.803684835227764400e-08
3.649006061613974361e-08
3.500031617060611769e-08
3.355860364923038436e-08
3.217284838335705092e-08
3.082835582335240795e-08
2.952396507607508192e-08
2.827440010386317078e-08
2.706979674191902189e-08
2.590958038591245605e-08
2.479618564863607804e-08
2.372075051110311897e-08
2.269833186855453454e-08
2.169725852239039979e-08
2.072731276845237173e-08
1.980755053923111023e-08
1.892326305016929285e-08
1.807142261421788398e-08
1.725131039953250707e-08
1.647650454603811188e-08
1.573596711464802914e-08
1.501959766280866989e-08
1.432501864886508112e-08
1.366295090681721122e-08
1.302264541752218313e-08
1.240394806102328735e-08
1.181677674557980159e-08
1.126802913386197483e-08
1.074785403042524262e-08
1.025343306914842133e-08
9.769568684329806726e-09
9.299886926532652847e-09
8.840236735541811264e-09
8.397092975191743899e-09
7.987469827991626351e-09
7.605749153332387117e-09
7.251714689828145349e-09
6.917990607494697855e-09
6.585235278794376775e-09
6.255520335408927766e-09
5.929539504336268980e-09
5.619437058298871553e-09
5.337218468708158029e-09
5.080432413778820136e-09
4.844572048622162548e-09
4.619861403938799820e-09
4.392371768484164672e-09
4.163850527790709702e-09
3.935504503951734291e-09
3.722930859048113422e-09
3.532007027855231401e-09
3.365138709118725152e-09
3.208262503989923277e-09
3.055571508268443314e-09
2.901088978195945103e-09
2.744780572195160704e-09
2.586873854834227722e-09
2.442037388134766171e-09
2.317338172752979603e-09
2.209727165217347563e-09
2.103590005458546428e-09
1.998372008668314132e-09
1.894757792041369316e-09
1.789159216142528095e-09
1.679586880156654717e-09
1.581067310190109484e-09
1.501074759431807130e-09
1.431310547409528673e-09
1.358733030250071563e-09
1.285447582218922866e-09
1.216069224994268135e-09
1.143995924505365973e-09
1.066896798479721775e-09
1.001813578911237685e-09
9.490605907482592796e-10
9.018148581596306183e-10
8.512453395881540681e-10
7.997101368879056454e-10
7.531761150069653166e-10
7.021929689158021986e-10
6.474765804109162249e-10
6.060655271525030149e-10
5.694503244506643232e-10
5.358101787664120167e-10
5.007923634546018021e-10
4.641465331355901825e-10
4.326835910084024076e-10
3.962983259990591279e-10
3.590736579142928301e-10
3.328327309616951098e-10
3.084309516394907736e-10
2.851219978022797644e-10
2.616194176473440929e-10
2.377551805271990635e-10
2.186089690129464116e-10
1.941023673267581945e-10
1.730298964417032420e-10
1.580540695150636049e-10
1.455223243160361688e-10
1.322126056293664949e-10
1.199593820308214577e-10
1.088303694288873318e-10
1.009177115154346339e-10
8.852776159927454052e-11
8.073735922746574176e-11
7.586788564005585891e-11
7.323127066565325289e-11
6.924553755610689110e-11
6.560416752340784467e-11
6.340901646079882666e-11
6.199016247492895445e-11
5.703005012681061899e-11
5.564118195783556541e-11
5.427639588394378706e-11
5.370027430283554869e-11
5.148802593478598442e-11
4.844833909570345488e-11
4.636734770090276526e-11
4.312296172783267197e-11
3.768345088301198280e-11
3.491617285305319460e-11
3.122386387724720255e-11
2.815521424887652835e-11
2.493198900341186083e-11
2.128281141763469323e-11
1.938080305939481540e-11
1.697719259759027158e-11
1.454507772593766290e-11
1.431227636356771771e-11
1.400435304550214316e-11
1.414704531437573312e-11
1.436663032804861487e-11
1.405729852919736469e-11
1.449667637611929160e-11
1.342519609853338773e-11
1.238976671381515027e-11
1.134995742954331573e-11
1.016421793326239502e-11
8.571536455151352100e-12
7.245894593809748817e-12
6.010375149198623252e-12
5.701340964326512706e-12
4.990085032823520430e-12
5.133941154372962697e-12
5.447604230096634921e-12
5.890385687931828912e-12
5.817580231144412766e-12
5.451878018743348483e-12
4.784538650873839330e-12
4.105808386979684946e-12
3.000972115313224191e-12
2.539965167176346610e-12
2.337721118968701928e-12
2.582297724225909512e-12
2.829840010179660228e-12
2.970265515949344224e-12
2.945998851193287107e-12
2.584385944341379146e-12
1.861231143546765390e-12
1.485306161758959530e-12
1.263212933144898019e-12
1.411007921034037192e-12
1.671046273347466311e-12
1.737001369343374006e-12
1.638867059941126654e-12
1.244912048554897058e-12
8.183911022276999171e-13
7.689845967070009999e-13
9.170509978866314737e-13
1.116533772860645422e-12
1.106873228167768886e-12
7.964029338095365230e-13
5.661884108692798898e-13
4.789162661937254534e-13
6.557125331049964344e-13
7.806094754990753056e-13
6.629328808110361210e-13
3.903307128058462663e-13
3.230814905781998989e-13
4.495265380898558856e-13
5.822021349322712388e-13
4.062520115688279424e-13
2.324851377693728731e-13
2.611085172627550457e-13
4.178452322100696270e-13
3.498519613566463001e-13
1.796551672694799156e-13
1.811036420641395351e-13
3.276315496260591550e-13
2.425977148275397690e-13
1.175760810833854324e-13
1.759504822887059248e-13
2.579818665397597674e-13
1.204414615092925364e-13
1.006878584915269415e-13
2.012876458584195369e-13
1.320444737087782523e-13
5.610950606384233085e-14
1.727583313825343966e-13
9.579103358396693043e-14
5.566950573121251394e-14
1.406587266398043049e-13
6.115800449150477997e-14
5.978014235590110862e-14
1.197267251371066895e-13
1.258084333436150754e-14
1.067110945222896583e-13
3.431313095041233496e-14
5.791833353586334074e-14
6.249574787337664879e-14
2.559201954674324983e-14
6.895635043614350312e-14
1.535004864278281380e-14
6.100205223589271218e-14
1.504023755774990647e-14
4.970314110121576549e-14
1.638232181311297648e-14
3.992216940716857087e-14
1.678736950012557144e-14
3.245890562160063617e-14
1.615701216150478593e-14
2.684738134485370513e-14
1.492568417592930736e-14
2.252514117262113118e-14
1.345242776382462049e-14
1.909191896377726383e-14
1.194629658718219664e-14
1.629429634027838783e-14
1.051177159528697471e-14
1.397238074295522434e-14
9.194484174593269139e-15
1.202098917534110333e-14
8.009513912660636483e-15
1.036700637880841009e-14
6.956736330352249453e-15
8.956886585708405088e-15
6.028808705714616155e-15
7.749705180493886426e-15
5.215287988784097877e-15
6.713153304085651866e-15
4.504751305458083091e-15
5.821111791798302418e-15
3.885877506637086357e-15
5.052100818470416891e-15
3.347980024091659423e-15
4.388236272427247273e-15
2.881245854321466012e-15
3.814493394518581426e-15
2.476816115963549215e-15
3.318165762025768389e-15
2.126781825657577377e-15
2.888454246278259811e-15
1.824135716037048850e-15
2.516146160749261246e-15
1.562703028752680725e-15
2.193359387106197402e-15
1.337064226147747954e-15
1.913334865151139225e-15
1.142476873019652605e-15
1.670266086054196772e-15
9.748006427218395848e-16
1.459157553259895980e-15
8.304274730055698391e-16
1.275706347238196238e-15
7.062177653643529353e-16
1.116202401086717660e-15
5.994428616035556363e-16
9.774441132114726763e-16
5.077336545805570375e-16
8.566666573757006517e-16
4.290349845611126321e-16
7.514808861721244143e-16
3.615653708758974293e-16
6.598211298194407185e-16
3.037815897363917132e-16
5.799005021602724406e-16
2.543476065789358858e-16
5.101725683300095626e-16
2.121073914615219689e-16
4.492984223523131216e-16
1.760611765418381852e-16
3.961183769945899445e-16
1.453447515689050757e-16
3.496275956813593415e-16
1.192114312500363932e-16
3.089550994506139350e-16
9.701636634067747574e-17
2.733456683573804124e-16
7.820290585481454638e-17
2.421442281910253939e-16
6.229075134980463345e-17
2.147823737859769166e-16
4.886567448295637476e-17
1.907667309695762071e-16
3.757059678707091651e-17
1.696689015780570811e-16
2.809785501902140951e-17
1.511167732760292371e-16
2.018249773309631107e-17
1.347870056087179986e-16
1.359647780055714450e-17
1.203985316395616891e-16
8.143623330281830594e-18
1.077069355734140567e-16
3.655283869219463106e-18
9.649958732739178885e-17
-1.343723234186210850e-20
8.659143080750316191e-17
-2.986942389364099930e-18
7.782133706923370806e-17
-5.371958846645223918e-18
7.004894607161308809e-17
-7.259975987015860305e-18
6.315193056559936364e-17
-8.729352145497241385e-18
5.702362534696750301e-17
-9.847135009149934881e-18
5.157097257812966807e-17
-1.067063420232237770e-17
4.671274053535442441e-17
-1.124877940226810083e-17
4.237797912479372456e-17
-1.162329278967487993e-17
3.850468026051229623e-17
-1.182970099077472991e-17
3.503861581076786350e-17
-1.189820817214020808e-17
3.193232913612471041e-17
-1.185444907033994571e-17
2.914425986866606166e-17
-1.172013828548155061e-17
2.663798396551599443e-17
-1.151362987548656538e-17
2.438155383722134467e-17
-1.125039949266405976e-17
2.234692505458131783e-17
-1.094345960453043100e-17
2.050945823094751242e-17
-1.060371689310490484e-17
1.884748606454601824e-17
-1.024027982348356389e-17
1.734193683755791088e-17
-9.860723097489103704e-18
1.597600700034194040e-17
-9.471314980847566761e-18
1.473487625100758310e-17
-9.077212595685338589e-18
1.360545954196774169e-17
-8.682629544903906153e-18
1.257619114318261838e-17
-8.290979740910472220e-18
1.163683652373445600e-17
-7.905000705699361849e-18
1.077832842876982751e-17
-7.526859161216211757e-18
9.992623907816382530e-18
-7.158241432292675495e-18
9.272579654465249416e-18
-6.800430704177142749e-18
8.611843154091503670e-18
-6.454373031949168839e-18
8.004757675985659608e-18
-6.120733642016282140e-18
7.446279210744396955e-18
-5.799944899095125894e-18
6.931903917255062743e-18
-5.492247117445984538e-18
6.457604585476872720e-18
-5.197723230432870218e-18
6.019775076788760519e-18
-4.916328174017393183e-18
5.615181627100975305e-18
-4.647913764439881974e-18
5.240920154373733441e-18
-4.392249694669437468e-18
4.894378835478540926e-18
-4.149041214198430202e-18
4.573205233097363766e-18
-3.917943980691098481e-18
4.275277414027449568e-18
-3.698576482435001622e-18
3.998678565254369019e-18
-3.490530389974188165e-18
3.741674647234446899e-18
-3.293379156284845422e-18
3.502694715522163639e-18
-3.106685091949246362e-18
3.280313571419594221e-18
-2.930005185333765883e-18
3.073236458834023051e-18
-2.762895821195322531e-18
2.880285550018934166e-18
-2.604916578083684491e-18
2.700388014378442898e-18
-2.455633245892725399e-18
2.532565447433727994e-18
-2.314620175447174169e-18
