# bin_3_1
1.157480283167964708e-07
-1.085988777979140847e-07
1.086953245289122594e-07
-1.022484809785157914e-07
1.020880207880731283e-07
-9.626339783822582023e-08
9.589615931407647663e-08
-9.062337559563511767e-08
9.009203455079955998e-08
-8.530913217238100074e-08
8.465000270076908557e-08
-8.030232858368841741e-08
7.954631054402448890e-08
-7.558553788304161550e-08
7.475894141382375550e-08
-7.114221144288908375e-08
7.026747657188383274e-08
-6.695664316669720631e-08
6.605297035187612065e-08
-6.301393232699679382e-08
6.209783768801182438e-08
-5.929994535785416253e-08
5.838575275389839033e-08
-5.580127697504640621e-08
5.490155773058888478e-08
-5.250521111433733506e-08
5.163118058591729861e-08
-4.939968164653718463e-08
4.856156102567886659e-08
-4.647323343284865263e-08
4.568058381888334248e-08
-4.371498369981695597e-08
4.297701863926642012e-08
-4.111458416875925872e-08
4.044046565223672667e-08
-3.866218416167424219e-08
3.806130608830963420e-08
-3.634839512462637205e-08
3.583065680874413435e-08
-3.416425701013627116e-08
3.374032802540735713e-08
-3.210120726001795936e-08
3.178278298723359330e-08
-3.015105310569121290e-08
2.995109838360901209e-08
-2.830594835205210745e-08
2.823892393119171648e-08
-2.655837585971163989e-08
2.664043950094050283e-08
-2.490113735723268435e-08
2.515030770588698886e-08
-2.332735237359468841e-08
2.376361985481036198e-08
-2.183046829704751081e-08
2.247583292779627644e-08
-2.040428367517389912e-08
2.128269531727116380e-08
-1.904298672324419666e-08
2.018015926895195987e-08
-1.774121053463877953e-08
1.916427885995372484e-08
-1.649410556336746871e-08
1.823109335122571498e-08
-1.529742833561541649e-08
1.737649801863017814e-08
-1.414764286454257119e-08
1.659610734945703417e-08
-1.304202780515006042e-08
1.588511966656315577e-08
-1.197877775259337373e-08
1.523819728664188897e-08
-1.095708148864689112e-08
1.464938233387596979e-08
-9.977153879420808486e-09
1.411207449559046708e-08
-9.040192174289757761e-09
1.361910219520649716e-08
-8.148223455607967408e-09
1.316292092913322813e-08
-7.303810248399476970e-09
1.273596904462004369e-08
-6.509588859995244895e-09
1.233119855944081182e-08
-5.767633763522072664e-09
1.194277293956138373e-08
-5.078674626250815813e-09
1.156688249391769882e-08
-4.441242005851763591e-09
1.120257092854992377e-08
-3.850881017478001418e-09
1.085239976300929056e-08
-3.299639165772629596e-09
1.052271516854503399e-08
-2.776085270388181693e-09
1.022325080925243255e-08
-2.266118328648820149e-09
9.965837571945594685e-09
-1.754737950820365109e-09
9.762138117481535156e-09
-1.228733720055666342e-09
9.620608876754413255e-09
-6.798988260522998191e-10
9.543299572060207327e-09
-1.079336874847456086e-10
9.523535536365561908e-09
4.781748403184695673e-10
9.545789248138911187e-09
1.061580774633599321e-09
9.588843111941469150e-09
1.622546266930021185e-09
9.632400929723402132e-09
2.146328038428686805e-09
9.665585711007167290e-09
2.631397599530374299e-09
9.693763180792963391e-09
3.093681821578774963e-09
9.739053944489175735e-09
3.562505343110468618e-09
9.831353776623347261e-09
4.067099157085360588e-09
9.991613943428817255e-09
4.618886254770713730e-09
1.021611149325088889e-08
5.201115544038200946e-09
1.047456117389116256e-08
5.777552231177396866e-09
1.072961094697029552e-08
6.320536441789719029e-09
1.096852796535015413e-08
6.839206209563774179e-09
1.122000363864192599e-08
7.378164660187699858e-09
1.153158628256702378e-08
7.976320542458000633e-09
1.191912999639897753e-08
8.621520808141077332e-09
1.234287678556822172e-08
9.260453790106268654e-09
1.275363148710983234e-08
9.869753094209228566e-09
1.316447180398611171e-08
1.049813142973518720e-08
1.363958711899899776e-08
1.119801870113663195e-08
1.419213149473967677e-08
1.193562470844150350e-08
1.475593973181697507e-08
1.264976916015736679e-08
1.531123203490893273e-08
1.337905632044956900e-08
1.593346384667958875e-08
1.418875381612294770e-08
1.663085595728897798e-08
1.502287169105401063e-08
1.732366888879960937e-08
1.584367645548997760e-08
1.805084990691570383e-08
1.673815983992796388e-08
1.887000154376754404e-08
1.768033927254500606e-08
1.969594571276983964e-08
1.861605585236924198e-08
2.056729506003344645e-08
1.963790791864027586e-08
2.152364558484967842e-08
2.068581806175885199e-08
2.248381546152554713e-08
2.176973502227328783e-08
2.353798804214789447e-08
2.293296532455707810e-08
2.462105536164395631e-08
2.410974900778072709e-08
2.577715598811965806e-08
2.538148737945731090e-08
2.698599036221237576e-08
2.667251475379339406e-08
2.826584882240589211e-08
2.805995290082067335e-08
2.960025041280320486e-08
2.948155014099513675e-08
3.102400040011515069e-08
3.099039148830422759e-08
3.249401156815170351e-08
3.256685219150106886e-08
3.406546631262923052e-08
3.420387699900133187e-08
3.570596215905545975e-08
3.594021677341737229e-08
3.742025184673431273e-08
3.775194557164817476e-08
3.923714975754783431e-08
3.963972459164598319e-08
4.114678196551641632e-08
4.162532322189842315e-08
4.314378553513274474e-08
4.371331134738423808e-08
4.523880891377994816e-08
4.590148658538852431e-08
4.744164340363473523e-08
4.819284371103875005e-08
4.975727186516111710e-08
5.059390774746132230e-08
5.218959397172230377e-08
5.311145993134377686e-08
5.474339400980922628e-08
5.575181417679499528e-08
5.742433952896860547e-08
5.852115691175791955e-08
6.023862447442774647e-08
6.142585487531508293e-08
6.319278835181051638e-08
6.447257985032875822e-08
6.629367587908787372e-08
6.766834415578714468e-08
6.954844750307940533e-08
7.102051196996671418e-08
7.296460036661175146e-08
7.453680865994705239e-08
7.654998892237004617e-08
7.822533251156906960e-08
8.031284391618038809e-08
8.209456866636287384e-08
8.426179033403588293e-08
8.615340449521765413e-08
8.840586487815546624e-08
9.041114583243467650e-08
9.275453326625796365e-08
9.487753369881358764e-08
9.731770744578638020e-08
9.956276124473596525e-08
1.021057626858247746e-07
1.044774906847805904e-07
1.071295544265551023e-07
1.096328699884230495e-07
1.124004346927855874e-07
1.150405490614081378e-07
1.179302678151883204e-07
1.207126951047162041e-07
1.237314451309382813e-07
1.266620067710382049e-07
1.298168982558502235e-07
1.329017266586100114e-07
1.362001104253350706e-07
1.394456515831069253e-07
1.428951252917936258e-07
1.463081399488153017e-07
1.499165524331780700e-07
1.535041153996471278e-07
1.572795686738514868e-07
1.610490657596233286e-07
1.649999141327958014e-07
1.689590360758972980e-07
1.730938816982368861e-07
1.772506143393088052e-07
1.815782983734902400e-07
1.859409081843250045e-07
1.904704966389596845e-07
1.950475105465656215e-07
1.997882736303038973e-07
2.045884518843489045e-07
2.095498355296960016e-07
2.145821361383250057e-07
2.197737241065656365e-07
2.250472571115713082e-07
2.304787218183006392e-07
2.360026913915291378e-07
2.416837312863718462e-07
2.474673633076238326e-07
2.534076243013386953e-07
2.594600767201017577e-07
2.656690547794769136e-07
2.719993076763965465e-07
2.784862293059431984e-07
2.851029511578753902e-07
2.918766280678247215e-07
2.987880142962055022e-07
3.058566681315798951e-07
3.130702475959574854e-07
3.204413001955277953e-07
3.279637049086504345e-07
3.356435292076961809e-07
3.434802222361450703e-07
3.514738486694596292e-07
3.596288049982777218e-07
3.679395781644607135e-07
3.764149133206002779e-07
3.850440938204954413e-07
3.938396353659819039e-07
4.027859422400761554e-07
4.118987399901012135e-07
4.211578301961095782e-07
4.305816023515081078e-07
4.401454854251302441e-07
4.498699999339791726e-07
4.597263885850728424e-07
4.697367822072561470e-07
4.798683833824345607e-07
4.901444254058322038e-07
5.005281815988669730e-07
5.110434952640180268e-07
5.216497929046070496e-07
5.323710556690379837e-07
5.431629266005075293e-07
5.540490807350924207e-07
5.649814343988477851e-07
5.759829523121682368e-07
5.870018904858449983e-07
5.980601547299001749e-07
6.091024375172952705e-07
6.201493134920522921e-07
6.311420644010165208e-07
6.420997637784777530e-07
6.529605222960578999e-07
6.637418759301275793e-07
6.743791264044810363e-07
6.848884048923341432e-07
6.952027281148498070e-07
7.053371629510967320e-07
7.152231676104908657e-07
7.248753312564590445e-07
7.342245207952545687e-07
7.432857134679204757e-07
7.519904223986486927e-07
7.603551786679485750e-07
7.683136619833491570e-07
7.758854215510792194e-07
7.830080912280770464e-07
7.897059651521038996e-07
7.959226288299542220e-07
8.016890258096582382e-07
8.069567870859752330e-07
8.117654394939262935e-07
8.160766660573951264e-07
8.199403165946632958e-07
8.233297828978205709e-07
8.263064800522019342e-07
8.288564760201197855e-07
8.310531230929711501e-07
8.328950470929094886e-07
8.344666291148709898e-07
8.357774428926731161e-07
8.369203264603599954e-07
8.379123665708257966e-07
8.388503678504906203e-07
8.397535295582335455e-07
8.407162241391567542e-07
8.417525992849551529e-07
8.429467200551074086e-07
8.442994540056161869e-07
8.458762000372201971e-07
8.476565558532134341e-07
8.496800214337767350e-07
8.518990631381325854e-07
8.543232847429605410e-07
8.568765236475325153e-07
8.595399508293187983e-07
8.622136795120290286e-07
8.648590066481359767e-07
8.673646137860662791e-07
8.696876516662301679e-07
8.717239607470027418e-07
8.734469769140726586e-07
8.747806167825869351e-07
8.757342533813553986e-07
8.762762978489281535e-07
8.764631460315736080e-07
8.763114979092167799e-07
8.759196913648968324e-07
8.753378798499399485e-07
8.746818726476412417e-07
8.740025383450987055e-07
8.733949236374462699e-07
8.728709925429692475e-07
8.724692336406898983e-07
8.721364416715332594e-07
8.718432521859069447e-07
8.714790342163226943e-07
8.709750279366030228e-07
8.702105828465264233e-07
8.691382401867927686e-07
8.676918056981517586e-07
8.659011860929917294e-07
8.637893568352109357e-07
8.614662602828820413e-07
8.590093020647888319e-07
8.565391765248006444e-07
8.540961875214436901e-07
8.517188534991742252e-07
8.493413720269477258e-07
8.468983402757538062e-07
8.442565757346797782e-07
8.413422457151106687e-07
8.380832869101123441e-07
8.345189744691139725e-07
8.307077817513200268e-07
8.267859317261227698e-07
8.228355550235333256e-07
8.189247457386316665e-07
8.150003870599968853e-07
8.109832508045120623e-07
8.067337273774878481e-07
8.021940700108732617e-07
7.973537920708437916e-07
7.923267440636515045e-07
7.872218185208261677e-07
7.821409877455495275e-07
7.770491061931645660e-07
7.718559544485771792e-07
7.664184592468172730e-07
7.607064043298429070e-07
7.547738541696764547e-07
7.487772738393432312e-07
7.427938618863347195e-07
7.368071416459762802e-07
7.306692156971735244e-07
7.242910745012815237e-07
7.176837621474628176e-07
7.109966820969967952e-07
7.043137871342453100e-07
6.976097439309010463e-07
6.907468592853415268e-07
6.836957935544343095e-07
6.765354444740246631e-07
6.693795175911745992e-07
6.621723201398620318e-07
6.548079637409059072e-07
6.472713959070583901e-07
6.397161816092663823e-07
6.321972745323368289e-07
6.246183218125766941e-07
6.168752703021577718e-07
6.090663038240280319e-07
6.012627690380993414e-07
5.933961550756922753e-07
5.854049260281300862e-07
5.774263117756766832e-07
5.694973491435309269e-07
5.615054748600686751e-07
5.534322235047726259e-07
5.453905015279452131e-07
5.373071068347686206e-07
5.291503659511936450e-07
5.210363174295797402e-07
5.129702232759007416e-07
5.048768868789083176e-07
4.968374224007115536e-07
4.887967755355838399e-07
4.807301786283660992e-07
4.727018589828031777e-07
4.646736970496232218e-07
4.566882823954678347e-07
4.488057319000732827e-07
4.409551607910975036e-07
4.331774497662076101e-07
4.254142237363103507e-07
4.176986979097909679e-07
4.100194039749758642e-07
4.023890419286850248e-07
3.948599513455044325e-07
3.874349259295581967e-07
3.801121807308240507e-07
3.728553830769283782e-07
3.656621902673745888e-07
3.585313770185476795e-07
3.514624586681419922e-07
3.444765174619261783e-07
3.376209428976793278e-07
3.308971634958321868e-07
3.242879348265335032e-07
3.177689614055231734e-07
3.113228836236155007e-07
3.049588175979031362e-07
2.986692300546246516e-07
2.924885923081814716e-07
2.864580521470708732e-07
2.805711406727484371e-07
2.748014809513996032e-07
2.691272434937657134e-07
2.635315195697132312e-07
2.580233056618900755e-07
2.525942024188066628e-07
2.472915900005923243e-07
2.421432658049272123e-07
2.371381227442794150e-07
2.322390087714353842e-07
2.274312781423188690e-07
2.227025734390664818e-07
2.180557742100854837e-07
2.134842572198276420e-07
2.090453235471581746e-07
2.047587977329858824e-07
2.006077416347115450e-07
1.965458173579214644e-07
1.925602503470681291e-07
1.886462486372243489e-07
1.847999092756973141e-07
1.810219412770177470e-07
1.773762477583734352e-07
1.738711002910676533e-07
1.704855635519212009e-07
1.671715671137203412e-07
1.639172733614538226e-07
1.607222114890179807e-07
1.575741567845624034e-07
1.544890285377947941e-07
1.515331217902462702e-07
1.486952248696574762e-07
1.459554894234356475e-07
1.432727068999300563e-07
1.406297684715053517e-07
1.380322597318918293e-07
1.354658153209293959e-07
1.329580708713649292e-07
1.305700655400502952e-07
1.282779653576591965e-07
1.260585019322568699e-07
1.238786081661036386e-07
1.217264751340196871e-07
1.196079285420710149e-07
1.175059469884647478e-07
1.154651013019443272e-07
1.135241907732786310e-07
1.116597302165843876e-07
1.098384442162856575e-07
1.080440684955622437e-07
1.062728170407525808e-07
1.045224559775804682e-07
1.027753380976078027e-07
1.010854272701639332e-07
9.947604211521628386e-08
9.792347311293539719e-08
9.638997922791481602e-08
9.486952621463170636e-08
9.336985717745658449e-08
9.187832143498174980e-08
9.038216346334587256e-08
8.893813161781334870e-08
8.755287446152762912e-08
8.620607560533575377e-08
8.486554800988762923e-08
8.353215592609077029e-08
8.222104912330130029e-08
8.090854658618620733e-08
7.959562039561218233e-08
7.833646611928312740e-08
7.711648254959975172e-08
7.592555406600856075e-08
7.474577615720388323e-08
7.357455490105025546e-08
7.243237301716869557e-08
7.128994956048912472e-08
7.015643609111745473e-08
6.907395304258787879e-08
6.801694308678561724e-08
6.697902550290165060e-08
6.595226880691573306e-08
6.493419820845291033e-08
6.394119275483430921e-08
6.293887512219919519e-08
6.194830470615107659e-08
6.098547172164854049e-08
6.003441078018341144e-08
5.908420162584160502e-08
5.814050461242358629e-08
5.720383987660436187e-08
5.628283662257832428e-08
5.534592283318901399e-08
5.441844890084834698e-08
5.349852704427122213e-08
5.257917951778258967e-08
5.164821755783359166e-08
5.071518457437210211e-08
4.978470840810232522e-08
4.885749280992789808e-08
4.791259452389088033e-08
4.697615113427815623e-08
4.604146337806614862e-08
4.511482161376754782e-08
4.419381743110514415e-08
4.329112791565639792e-08
4.241699261271181672e-08
4.156712088944016406e-08
4.073068597869761940e-08
3.992475602529836957e-08
3.913411327192616130e-08
3.836585984141269732e-08
3.761737515531418041e-08
3.688972866667021901e-08
3.618834581459558262e-08
3.550201656786491782e-08
3.482218892135641514e-08
3.415404618683317142e-08
3.348451297120852163e-08
3.282177885163615746e-08
3.216807007708239015e-08
3.152512789088018697e-08
3.090049236850793397e-08
3.028619537470811576e-08
2.967949791519321558e-08
2.907552609121754012e-08
2.846961664995093220e-08
2.786513031204081013e-08
2.726430738481773897e-08
2.666566667668919667e-08
2.607338274465781947e-08
2.548404473337054489e-08
2.489994243205324158e-08
2.431978017173767184e-08
2.374814222704623280e-08
2.318683725962957645e-08
2.263437452094203066e-08
2.208662423863431804e-08
2.154490107545279189e-08
2.100707906313115506e-08
2.046985456820774723e-08
1.993130792313438436e-08
1.939758446859304828e-08
1.887447166633282985e-08
1.836277169499724018e-08
1.786000181499460375e-08
1.736844769374662957e-08
1.688882656954861055e-08
1.641512210901299896e-08
1.594447862288628171e-08
1.547728497279132485e-08
1.501519412834807826e-08
1.455811182554119621e-08
1.410899362501663048e-08
1.367566170337570343e-08
1.325703339844738191e-08
1.284455856541821907e-08
1.243813580857432316e-08
1.203756790836197996e-08
1.164613164171967753e-08
1.126515128093876152e-08
1.088939703354774069e-08
1.051946619137036495e-08
1.015686949276094804e-08
9.802794198587621274e-09
9.463712618217412829e-09
9.136458562170551189e-09
8.817371388965324348e-09
8.504113275607131256e-09
8.194790370265827500e-09
7.892271056972138299e-09
7.595664568952925105e-09
7.309659132849772679e-09
7.036265757977508944e-09
6.773759885074354221e-09
6.517964423223394574e-09
6.266111923359947530e-09
6.018050346664773881e-09
5.781329823350275408e-09
5.554526948076319219e-09
5.332957518410262956e-09
5.116989915307485638e-09
4.910803948093396310e-09
4.710865392942359428e-09
4.515768410505351271e-09
4.328200407459487600e-09
4.148356372708780030e-09
3.975156441109271137e-09
3.808857115711913085e-09
3.647332513262879141e-09
3.490124469435669880e-09
3.339263181550678277e-09
3.194763997818633188e-09
3.055621985764428926e-09
2.921796131056223935e-09
2.791616993436942843e-09
2.670932395901014772e-09
2.553436144864668615e-09
2.438040721111867529e-09
2.328842616617210642e-09
2.223464037801173087e-09
2.120918174194016294e-09
2.022201828505503826e-09
1.929204995518295590e-09
1.841652392942818115e-09
1.758091452167760718e-09
1.677009934900092094e-09
1.598513361914187931e-09
1.521762481947646187e-09
1.447713502742206960e-09
1.376667592296998443e-09
1.311665309544910119e-09
1.249336511835634872e-09
1.191567498129038306e-09
1.134850595041380670e-09
1.078802097569119340e-09
1.023661013626970586e-09
9.701198340013818061e-10
9.202420177149536982e-10
8.741859537893247350e-10
8.311974803811245292e-10
7.905999330832765849e-10
7.504606306331240676e-10
7.103502811828645939e-10
6.705540968728260024e-10
6.319330167137279756e-10
5.962589543952944361e-10
5.640380451994044241e-10
5.342316147486576375e-10
5.051975141767266440e-10
4.763715057460858561e-10
4.475175499562404561e-10
4.183993568266809832e-10
3.902540162391523016e-10
3.645832378690452287e-10
3.419858764124738683e-10
3.207463169087828816e-10
2.997331984617024972e-10
2.788905965794349664e-10
2.581800650776972422e-10
2.370935375455715469e-10
2.168975726091346037e-10
1.994104255974052891e-10
1.840911687937723223e-10
1.695832003077925454e-10
1.552900773004664041e-10
1.414301248607857978e-10
1.280290065834482561e-10
1.143360077578156034e-10
1.019047771590665117e-10
9.214246854968948055e-11
8.395142920535252035e-11
7.624998211356072888e-11
6.894736761408701256e-11
6.249322894210223468e-11
5.662842983994241350e-11
5.035644427605411032e-11
4.559849165900774772e-11
4.280660557025403969e-11
4.109412866082803407e-11
3.931761362958137314e-11
3.761876132247387755e-11
3.654810808698857414e-11
3.540887501155224976e-11
3.338207536709962909e-11
3.239887614422353118e-11
3.199457239232790671e-11
3.173959072435116130e-11
3.075981969727737532e-11
2.923163408348043603e-11
2.785463693376589143e-11
2.570900864184074431e-11
2.270599315026603920e-11
2.061813863233482339e-11
1.851117293215959095e-11
1.657526249121621232e-11
1.454870644738191407e-11
1.242725384097638422e-11
1.105864955501320169e-11
9.525309506175672338e-12
8.129913101549950889e-12
7.912775464319210022e-12
7.927741733078835238e-12
8.167791967594470287e-12
8.408111231661625661e-12
8.416949707020736066e-12
8.646206421953835225e-12
8.071311110678320193e-12
7.384063313134212296e-12
6.765238816320184702e-12
6.030564423948346715e-12
5.062709138359730906e-12
4.183340897976911646e-12
3.444464084456401036e-12
3.196302265947766458e-12
2.779006771084772050e-12
2.859135714822436617e-12
3.151040447416333798e-12
3.504970023221626885e-12
3.524581979968439995e-12
3.302133827041245445e-12
2.899308446323801357e-12
2.434888516648411633e-12
1.697811454874669298e-12
1.373089572000833855e-12
1.278876966961126370e-12
1.476217042253402327e-12
1.673770130261575836e-12
1.786311153384372667e-12
1.799549557447314742e-12
1.560756197395511308e-12
1.066325687554610375e-12
8.191903809475851955e-13
6.893277239896810258e-13
8.072106981894866752e-13
9.956792450535867863e-13
1.046823764523050859e-12
9.971523374885281029e-13
7.344432346187699829e-13
4.390767091376880234e-13
4.208680205929637769e-13
5.321839015038569545e-13
6.765224990377650458e-13
6.727248251811360384e-13
4.630426160130560620e-13
3.187348836438838528e-13
2.601029646727770003e-13
3.812357226180732003e-13
4.765942618872602347e-13
4.020353903632149423e-13
2.169330257670749853e-13
1.712853191844952151e-13
2.611369431036174098e-13
3.621446568129145032e-13
2.398242056073005930e-13
1.217787628469059927e-13
1.451568227745613572e-13
2.567156778562514927e-13
2.116882305938399065e-13
9.520025334381690914e-14
9.847535834893125590e-14
2.033187684116492850e-13
1.433995715708677467e-13
6.090684387242217333e-14
1.017894686180074245e-13
1.594462371903329078e-13
6.688582127371251435e-14
5.323920332263287730e-14
1.242348166071910431e-13
7.812609302170929478e-14
2.524054978845124708e-14
1.079984497217053046e-13
5.506054339499675158e-14
2.790784255759958288e-14
8.805951459614764328e-14
3.294102603430920898e-14
3.335880285978084844e-14
7.477767396424217227e-14
1.739851991267568817e-15
6.685597574322972329e-14
1.774439952768810768e-14
3.399349045105900160e-14
3.808717929220741572e-14
1.242045098911131498e-14
4.326304734081781573e-14
6.041536026790148522e-15
3.835686813323412220e-14
6.445787805303344397e-15
3.105505689558377912e-14
7.907908368621972652e-15
2.473722867019274326e-14
8.646579132856815923e-15
1.996552367805461890e-14
8.604742928772253704e-15
1.642414221294027223e-14
8.092699383330766430e-15
1.372983655134799417e-14
7.366935473757389241e-15
1.161113697055879211e-14
6.578763349321166083e-15
9.897695145445618028e-15
5.806046987120437896e-15
8.483351058962073512e-15
5.085070922430503568e-15
7.299279750005498164e-15
4.430285544536209411e-15
6.298357945672150146e-15
3.845047181509662192e-15
5.446561726614290623e-15
3.327235632657062209e-15
4.718207269353662893e-15
2.872176417545568862e-15
4.093226182352057766e-15
2.474167625930476981e-15
3.555529922908761715e-15
2.127277947416570565e-15
3.091975775896302356e-15
1.825757286922953775e-15
2.691679058091508180e-15
1.564237781834730483e-15
2.345533786889951953e-15
1.337820033615256353e-15
2.045864741032688356e-15
1.142096350215867080e-15
1.786166077855933161e-15
9.731399127184741286e-16
1.560899368722529790e-15
8.274762776293388410e-16
1.365333969575452136e-15
7.020466218744695460e-16
1.195418558668282560e-15
5.941681263603338247e-16
1.047676274293644456e-15
5.014945545422540509e-16
9.191181510662742671e-16
4.219787005429291232e-16
8.071710262818051676e-16
3.538375586043082303e-16
7.096170752846697423e-16
2.955205756291752561e-16
6.245428163389607056e-16
2.456810599757391124e-16
5.502959096589799026e-16
2.031506535107983307e-16
4.854484272355056046e-16
1.669166828422624295e-16
4.287655327685869526e-16
1.361021613998685966e-16
3.791787109064637624e-16
1.099481973617957316e-16
3.357628395489367185e-16
8.779856311217946135e-17
2.977165213269164224e-16
6.908619211380065737e-17
2.643451875388973752e-16
5.332138491237305334e-17
2.350465667848000370e-16
4.008152384794283071e-17
2.092981748278296059e-16
2.900211529002852469e-17
1.866465352953483824e-16
1.976899648397384649e-17
1.666978847053178171e-16
1.211156211558658959e-17
1.491101522369666752e-16
5.796881848890211398e-18
1.335860352969703524e-16
6.245953889332619759e-19
1.198670180928977322e-16
-3.577514934717802718e-18
1.077282023272725623e-16
-6.957361755259281193e-18
9.697383778829409917e-17
-9.641877283793454792e-18
8.743345657075942705e-17
-1.173989209635652410e-17
7.895852813297058788e-17
-1.334462680713401169e-17
7.141956398634419603e-17
-1.453584768184694941e-17
6.470361077340197972e-17
-1.538173083507990470e-17
5.871207888168676162e-17
-1.594047367876024670e-17
5.335886114050492427e-17
-1.626168741917767142e-17
4.856870231995977225e-17
-1.638759981319997842e-17
4.427578555655284042e-17
-1.635409367995099999e-17
4.042250650440175405e-17
-1.619160320807246327e-17
3.695840992334446631e-17
-1.592588723699478037e-17
3.383926690924791672e-17
-1.557869609785439639e-17
3.102627391290147908e-17
-1.516834643629736727e-17
2.848535724931433879e-17
-1.471021646397953193e-17
2.618656898501481700e-17
-1.421717246802151145e-17
2.410356206256257259e-17
-1.369993592521580124e-17
2.221313404186291272e-17
-1.316739932207239894e-17
2.049483040981744701e-17
-1.262689768460865345e-17
1.893059949193516631e-17
-1.208444190115086571e-17
1.750449217029431139e-17
-1.154491905858079933e-17
1.620240045653272558e-17
-1.101226435204719198e-17
1.501182980756959999e-17
-1.048960847141164046e-17
1.392170072511206520e-17
-9.979403866564210820e-18
1.292217579773893108e-17
-9.483532807275874102e-18
1.200450883220376631e-17
-9.003399781800590772e-18
1.116091320092134132e-17
-8.540010402067435584e-18
1.038444687736553273e-17
-8.094038718964541235e-18
9.668911988581769708e-18
-7.665884556970880562e-18
9.008766998505265839e-18
-7.255722286019582445e-18
8.399049883547467245e-18
-6.863542237310392237e-18
7.835310874017845161e-18
-6.489185804175447656e-18
7.313553532194574979e-18
-6.132375131978139365e-18
6.830183088839560601e-18
-5.792738171885599762e-18
6.381961115273182801e-18
-5.469829763731897919e-18
5.965965712066736518e-18
-5.163149327644992113e-18
5.579556519671692280e-18
-4.872155654250399669e-18
5.220343933763559833e-18
-4.596279220707619812e-18
4.886161996358304051e-18
-4.334932402043875278e-18
4.575044501674319292e-18
-4.087517885517682491e-18
4.285203909988254866e-18
-3.853435561257887578e-18
4.015012721453544494e-18
-3.632088122672157687e-18
3.762987006533470930e-18
-3.422885567703004054e-18
3.527771823256748423e-18
-3.225248782782040202e-18
3.308128291801297389e-18
-3.038612342748761644e-18
3.102922125004926195e-18
-2.862426656700802437e-18
2.911113438231628956e-18
-2.696159568762647463e-18
2.731747680609679014e-18
-2.539297497370232898e-18
2.563947560857257135e-18
-2.391346197142571001e-18
2.406905844516529809e-18
-2.251831203036709435e-18
