# bin_5_4
-2.298988071035928450e-07
2.320129759104853927e-07
-2.165238914714180815e-07
2.178879615253767808e-07
-2.038537781053177032e-07
2.046186385099138850e-07
-1.918554776885785497e-07
1.921535215727129603e-07
-1.804965112666806517e-07
1.804449437875336775e-07
-1.697449707127033017e-07
1.694488051802875001e-07
-1.595695498451434259e-07
1.591243572329179013e-07
-1.499395477249061777e-07
1.494340213711576713e-07
-1.408248469452889438e-07
1.403432393480367273e-07
-1.321958685585053076e-07
1.318203534920874785e-07
-1.240235056143231424e-07
1.238365154842315703e-07
-1.162790350478506379e-07
1.163656223336197980e-07
-1.089340112945094529e-07
1.093842781068291697e-07
-1.019601412544771289e-07
1.028717797198804792e-07
-9.532914331723846434e-08
9.681012470393413357e-08
-8.901259190275212751e-08
9.118403736940737996e-08
-8.298175194673461953e-08
8.598100998726314306e-08
-7.720740748201036383e-08
8.119135243319894226e-08
-7.165969145502800365e-08
7.680824173265664183e-08
-6.630792585813038232e-08
7.282776103756956599e-08
-6.112048573288496728e-08
6.924891253501053239e-08
-5.606470300022140719e-08
6.607358476258627671e-08
-5.110683264696509028e-08
6.330645038526015354e-08
-4.621210794937602886e-08
6.095476265189777417e-08
-4.134491901213509160e-08
5.902801507106554717e-08
-3.646915307027356535e-08
5.753742111611813822e-08
-3.154874241925050861e-08
5.649516709226765722e-08
-2.654846706734022164e-08
5.591338926954872795e-08
-2.143506104122563547e-08
5.580282971209888009e-08
-1.617866295467832484e-08
5.617113562576516473e-08
-1.075463712461758934e-08
5.702078865617343203e-08
-5.145761440951413655e-09
5.834668818607143934e-08
6.552667875631666778e-10
6.013346861456510245e-08
6.643124740705648477e-09
6.235271133403975095e-08
1.279716782537300686e-08
6.496031640642108773e-08
1.907907014825013251e-08
6.789442813764146737e-08
2.543126562332712839e-08
7.107444883122386037e-08
3.177679416092593786e-08
7.440180988665977113e-08
3.802127590883203278e-08
7.776325958734507922e-08
4.405778611533621591e-08
8.103742067087518876e-08
4.977532123780596284e-08
8.410519342259520257e-08
5.507125410105169781e-08
8.686414784076397040e-08
5.986758332806336455e-08
8.924628223466009638e-08
6.412983250097709922e-08
9.123738822286453572e-08
6.788614325576521730e-08
9.289481275871307857e-08
7.124257405241989253e-08
9.435887336033506249e-08
7.438919697299658157e-08
9.585203101157086404e-08
7.759088633975339190e-08
9.765989542202169071e-08
8.115756950567741496e-08
1.000901641491012287e-07
8.539211122510524622e-08
1.034105416986674780e-07
9.052056417521801670e-08
1.077747884336129831e-07
9.661888665117951082e-08
1.131561440767995282e-07
1.035602071553153017e-07
1.193160670072589261e-07
1.110126548884328390e-07
1.258376989515365185e-07
1.185129711453078515e-07
1.322407351608157871e-07
1.256192790855992316e-07
1.381631316604188205e-07
1.321067636162208038e-07
1.435498778558116121e-07
1.381241058534656433e-07
1.487494578040123763e-07
1.442040004158743691e-07
1.544188500321645804e-07
1.510550083183652751e-07
1.612115850261832488e-07
1.591758843100700404e-07
1.693696820627106915e-07
1.684941328831927066e-07
1.784863832420163057e-07
1.783247732632942103e-07
1.877087819050934061e-07
1.878218692503284914e-07
1.963858698887935215e-07
1.967091533164091216e-07
2.047178582874969930e-07
2.056649594863106449e-07
2.137220196908061663e-07
2.157985296607593884e-07
2.242810968113323606e-07
2.274836909402702721e-07
2.360986116114464499e-07
2.398109019299339286e-07
2.479318886241769280e-07
2.516564957206145597e-07
2.592341773177037784e-07
2.633357669559890398e-07
2.711223631669515214e-07
2.763396552523310793e-07
2.847947028506394095e-07
2.909762678644877950e-07
2.994583971296509042e-07
3.057245960108609310e-07
3.136939161934100368e-07
3.201388961527459002e-07
3.283876731151374206e-07
3.359690472235167953e-07
3.450365845635720158e-07
3.534073349495058318e-07
3.623376334625252431e-07
3.706188066766968211e-07
3.794155596186783994e-07
3.885114514976025268e-07
3.982727955133976342e-07
4.084177096255972015e-07
4.182995401420562190e-07
4.283745557174521230e-07
4.382414582436600191e-07
4.492808397093530718e-07
4.602309929695990756e-07
4.720520192248287097e-07
4.828728695935395046e-07
4.948180110270514971e-07
5.063941267363654542e-07
5.196652470017534749e-07
5.317872723083370690e-07
5.450914277467207486e-07
5.575300167040394874e-07
5.721204719774433360e-07
5.854965415729257742e-07
6.002839516416899375e-07
6.139350359610384924e-07
6.300080612776520221e-07
6.446216107164808988e-07
6.609124728214950369e-07
6.761145655100457331e-07
6.938036722917649569e-07
7.096347702404588638e-07
7.276871474056270322e-07
7.447255529485633825e-07
7.638384845241608713e-07
7.812190191296539486e-07
8.015104910112693659e-07
8.200062713086983728e-07
8.408130091156559227e-07
8.605308111782747273e-07
8.824120164921298273e-07
9.028035843302469645e-07
9.260797133014009076e-07
9.473233659643300359e-07
9.716920051244815054e-07
9.941917923827017935e-07
1.019494432258680119e-06
1.043353991471736690e-06
1.069712591166153073e-06
1.094875089386194978e-06
1.122460796098760583e-06
1.148901744484649698e-06
1.177828105607297597e-06
1.205586509393898511e-06
1.235923782032694598e-06
1.265071096934601480e-06
1.296877263430307588e-06
1.327494213388964591e-06
1.360829917913935375e-06
1.392998654145083860e-06
1.427930861644547341e-06
1.461734170671463332e-06
1.498336020707683663e-06
1.533858275320741719e-06
1.572208366719215275e-06
1.609536486866544785e-06
1.649718392457268694e-06
1.688942528890252108e-06
1.731044577708927244e-06
1.772258582302650649e-06
1.816373815614644032e-06
1.859675587291622240e-06
1.905901812955446436e-06
1.951393576555216181e-06
1.999833477126036062e-06
2.047622026192280031e-06
2.098383296194466131e-06
2.148580215166813371e-06
2.201775713704831918e-06
2.254497586648656669e-06
2.310245496829029472e-06
2.365614105292284051e-06
2.424038094367858270e-06
2.482180604276887106e-06
2.543409979381496822e-06
2.604459115080430260e-06
2.668628969536783950e-06
2.732723171674798528e-06
2.799974516436694793e-06
2.867258079084303634e-06
2.937737953119893046e-06
3.008361134160751723e-06
3.082222686482098361e-06
3.156341783822896970e-06
3.233744318478848997e-06
3.311521702928150463e-06
3.392630676565749640e-06
3.474234770244447614e-06
3.559221729787268945e-06
3.644826916617094886e-06
3.733869362143632202e-06
3.823655814239807240e-06
3.916936969241115860e-06
4.011090369847102955e-06
4.108798837620549323e-06
4.207509977497559895e-06
4.309839258430934484e-06
4.413303478289419164e-06
4.520451318143868519e-06
4.628867764681317104e-06
4.741035298606457741e-06
4.854605955956647239e-06
4.971996606811620799e-06
5.090925058630245756e-06
5.213743141189875410e-06
5.338233011153572560e-06
5.466681985894766516e-06
5.596934996078724131e-06
5.731215307495930181e-06
5.867428884908472581e-06
6.007735309729256575e-06
6.150099661344764573e-06
6.296618081755456654e-06
6.445312647853028003e-06
6.598216154127296066e-06
6.753405338941884640e-06
6.912849555101252193e-06
7.074677623203220183e-06
7.240795139113902673e-06
7.409380156297206247e-06
7.582273940812984061e-06
7.757700630617347495e-06
7.937436294234286944e-06
8.119747677017408641e-06
8.306344450718107419e-06
8.495532133383868351e-06
8.688952435170016968e-06
8.884945428852012112e-06
9.085082903868635653e-06
9.287734867429519805e-06
9.494400815369944381e-06
9.703475658772135686e-06
9.916383808175836592e-06
1.013153964688491092e-05
1.035028930582147064e-05
1.057106084177899506e-05
1.079511855513033197e-05
1.102089807887036937e-05
1.124957806186218528e-05
1.147959543232391272e-05
1.171203923665251212e-05
1.194534140883294517e-05
1.218049752031636257e-05
1.241592846440541783e-05
1.265253283717308101e-05
1.288871503275467951e-05
1.312527393949855761e-05
1.336059303745646571e-05
1.359537005788328046e-05
1.382796477660236803e-05
1.405897424775946907e-05
1.428673409369893670e-05
1.451174388338365379e-05
1.473231782707907809e-05
1.494886482219457682e-05
1.515968456363933105e-05
1.536510671887875908e-05
1.556342855407142432e-05
1.575491761700579919e-05
1.593788704396705076e-05
1.611256601202993379e-05
1.627730891798378053e-05
1.643233769540196736e-05
1.657608102828293505e-05
1.670879239657360220e-05
1.682901538578030745e-05
1.693708101049880960e-05
1.703169499133341764e-05
1.711331749689672081e-05
1.718086797221354080e-05
1.723498993358172016e-05
1.727486855437052995e-05
1.730138256190347733e-05
1.731402934890318774e-05
1.731396540676055409e-05
1.730103330392069965e-05
1.727669154004214108e-05
1.724113743742767979e-05
1.719612696589748464e-05
1.714218760944860242e-05
1.708132880018404810e-05
1.701433938171542553e-05
1.694339005105560927e-05
1.686941139604758636e-05
1.679459141729240657e-05
1.671983247305186123e-05
1.664714967667957414e-05
1.657720847322101377e-05
1.651163337003145557e-05
1.645063199070505910e-05
1.639522765384467015e-05
1.634497977462150608e-05
1.630015711551816625e-05
1.625956686080089824e-05
1.622268613879165565e-05
1.618761094361267526e-05
1.615315959985111593e-05
1.611694582614803660e-05
1.607745736436941875e-05
1.603224369715823593e-05
1.597995596282658263e-05
1.591862050143871233e-05
1.584760567997218255e-05
1.576593306275487320e-05
1.567412082336123693e-05
1.557247517063056088e-05
1.546276065309283554e-05
1.534642825206038215e-05
1.522609184268316559e-05
1.510369457754504372e-05
1.498183052040573644e-05
1.486192110762936959e-05
1.474549351959335632e-05
1.463250311029407177e-05
1.452272185240852310e-05
1.441434784380172369e-05
1.430561296212062013e-05
1.419371996722774541e-05
1.407662338161476300e-05
1.395214017924557090e-05
1.381965317947895192e-05
1.367906936755907603e-05
1.353210617040292737e-05
1.338081352797231877e-05
1.322830660210561322e-05
1.307692890629220237e-05
1.292876372428598533e-05
1.278399098976094406e-05
1.264185134361771003e-05
1.249980979912720299e-05
1.235531911703850008e-05
1.220568106694811745e-05
1.204997354159859171e-05
1.188854178846581322e-05
1.172389508682187592e-05
1.155894635716215335e-05
1.139675938502157248e-05
1.123841397083597695e-05
1.108332644241969660e-05
1.092868990317857612e-05
1.077163599632377247e-05
1.061001051209817374e-05
1.044440452006977158e-05
1.027726300126791121e-05
1.011228966294360881e-05
9.951553428656936497e-06
9.794811889216084081e-06
9.638985543789600012e-06
9.480948077619963694e-06
9.319311899947026816e-06
9.156273444414316556e-06
8.995494676538514172e-06
8.839743900622502984e-06
8.687991552829994385e-06
8.536851496191297920e-06
8.383283192066380988e-06
8.228113504397182123e-06
8.074770580241547296e-06
7.926144570696522725e-06
7.781115573086393528e-06
7.636614335352065735e-06
7.491268868203167525e-06
7.347558598974920226e-06
7.207827828075403282e-06
7.071016888409094042e-06
6.933830584999709351e-06
6.796440689047376625e-06
6.662478258592314748e-06
6.533805410054448078e-06
6.407236755350185298e-06
6.280299841436523075e-06
6.154997734464567056e-06
6.033537353043611391e-06
5.913588088166924361e-06
5.793970577597149145e-06
5.677928067985626752e-06
5.566726316553096165e-06
5.456701100624520739e-06
5.347543746232942659e-06
5.241713222322992336e-06
5.137496723235678887e-06
5.033542806687705859e-06
4.933309696358850879e-06
4.836560881809618091e-06
4.741459910925917012e-06
4.649484580272843379e-06
4.559319525798065241e-06
4.469834657180021397e-06
4.382862477543880853e-06
4.296904632146586003e-06
4.213461663799067942e-06
4.133751568381696542e-06
4.055964862817220371e-06
3.980593373197184239e-06
3.906204987514589836e-06
3.833277204492270244e-06
3.761589761167007933e-06
3.691037868194800681e-06
3.623361249272939260e-06
3.558240791098336643e-06
3.495697979514974667e-06
3.434285548246898643e-06
3.374081867816273784e-06
3.314745068786295400e-06
3.256286004643569394e-06
3.198900507945432576e-06
3.144142844426634490e-06
3.091631409435907381e-06
3.041034827250236403e-06
2.991390190662607671e-06
2.942422868955236676e-06
2.894154027883908482e-06
2.846356550099730199e-06
2.799613810702906655e-06
2.755222884255172385e-06
2.712641020704933658e-06
2.671367293204913997e-06
2.630703864728881280e-06
2.590478673904389833e-06
2.550753584205801026e-06
2.511198998214280441e-06
2.472757163147758122e-06
2.436232232737229626e-06
2.401092293431438848e-06
2.366641642698430753e-06
2.332588886052940022e-06
2.298948643574378630e-06
2.265606369917614595e-06
2.232188758449850384e-06
2.199835170975121255e-06
2.169029764219005324e-06
2.139255210922877490e-06
2.109745864637856712e-06
2.080429873814144211e-06
2.051563898341070191e-06
2.022816446971978859e-06
1.993911384064951634e-06
1.966028899290754024e-06
1.939257319527846029e-06
1.913180283847397493e-06
1.887181641265396081e-06
1.861316369317552921e-06
1.835952262598842049e-06
1.810501392978120864e-06
1.784975467978650969e-06
1.760457843672879572e-06
1.736536272679970191e-06
1.713041545568684353e-06
1.689674805840098793e-06
1.666363764136454992e-06
1.643575994517876557e-06
1.620635527048561046e-06
1.597708295293884738e-06
1.575597290046640721e-06
1.553738930790394208e-06
1.532055202296363945e-06
1.510458570807495396e-06
1.488915120563092734e-06
1.467782976960633010e-06
1.446292314206001052e-06
1.424876052547428139e-06
1.403719182659505911e-06
1.382534291818927210e-06
1.361095575657319293e-06
1.339578089940526205e-06
1.317982448538005033e-06
1.296494981364122206e-06
1.274473025218938870e-06
1.252451268989071177e-06
1.230374624135545564e-06
1.208255907052555824e-06
1.185989333398506883e-06
1.163899230042438414e-06
1.142165457472003393e-06
1.120873474055834989e-06
1.099635708818158825e-06
1.078918140521960659e-06
1.058494532494012881e-06
1.038493466872499949e-06
1.018838855192112696e-06
9.997080058053251102e-07
9.812155801053785235e-07
9.632288329104214271e-07
9.454879806567560046e-07
9.282328373100795602e-07
9.111444194804895315e-07
8.944295853724382952e-07
8.781052589103167077e-07
8.622203257909917802e-07
8.468932209161354462e-07
8.319514421135360562e-07
8.172092796139293497e-07
8.026782888215873052e-07
7.881090786171162545e-07
7.736489771784614682e-07
7.593149506707916464e-07
7.451060307524691614e-07
7.311341486048711725e-07
7.173066455638830296e-07
7.035971656459544328e-07
6.899210100974248139e-07
6.762707386718078076e-07
6.627175675451587790e-07
6.492627317521745600e-07
6.358302942623855062e-07
6.224621947425651391e-07
6.091095465828566327e-07
5.957149611420872641e-07
5.822060583943186830e-07
5.687114904905898564e-07
5.553690524980609630e-07
5.422048318976068751e-07
5.291516636597184344e-07
5.162257992873523458e-07
5.034181510282370148e-07
4.906115716708556579e-07
4.777657590026210283e-07
4.649434712875795152e-07
4.522159426390115607e-07
4.395909076900894307e-07
4.271066395116134604e-07
4.149180575036105906e-07
4.030543180378012732e-07
3.913057457330843560e-07
3.796275036370688984e-07
3.680160685215637268e-07
3.565620466474103317e-07
3.453015546594078180e-07
3.341882239600578633e-07
3.233008237916948132e-07
3.126776426323987564e-07
3.022398245439395534e-07
2.920876806995616179e-07
2.821959459843329979e-07
2.725392534082732363e-07
2.630582621709961225e-07
2.536775683169403511e-07
2.444632721743712256e-07
2.354276493269375978e-07
2.266641945681855581e-07
2.183064942221716481e-07
2.102798959207271601e-07
2.024574275039662979e-07
1.947595079395132385e-07
1.871383573685240135e-07
1.797466231236500652e-07
1.726089653843240071e-07
1.656997220350636225e-07
1.590495951430228347e-07
1.526906621672846846e-07
1.465402181625279513e-07
1.405117325442672821e-07
1.346355767431903732e-07
1.290141242734260929e-07
1.236092407951215560e-07
1.183885956605358423e-07
1.133157520610593302e-07
1.084278942796974616e-07
1.037151404990915235e-07
9.918983072705841532e-08
9.486289129266122111e-08
9.070641991899238276e-08
8.667880501123775702e-08
8.285963686937705958e-08
7.914405085830960927e-08
7.548971482394910690e-08
7.202964290082552371e-08
6.875209162512217854e-08
6.560032472730718522e-08
6.256921425334738713e-08
5.966359392721788044e-08
5.693702310723270315e-08
5.429332005933436475e-08
5.171445933843200725e-08
4.926486776260686925e-08
4.692123279320143084e-08
4.465802835957894360e-08
4.246592991374152837e-08
4.044547378999678377e-08
3.851888159482070222e-08
3.671235377811175716e-08
3.495876896661165997e-08
3.324605425136180760e-08
3.157895127013006515e-08
2.996298694478841473e-08
2.843762035137383138e-08
2.704481959271398178e-08
2.573693553520638023e-08
2.453727603612075248e-08
2.336235189049853930e-08
2.217483223820616008e-08
2.099975504771338653e-08
1.986170869737794753e-08
1.882432713050662652e-08
1.788164608391203747e-08
1.702987299101895285e-08
1.623870974927467177e-08
1.545143863539525168e-08
1.463967561346767982e-08
1.382479520446850638e-08
1.304248833496163767e-08
1.233677822360235834e-08
1.172591752986268795e-08
1.118034195124738886e-08
1.065309623387390674e-08
1.012564399259365457e-08
9.581279948305004985e-09
9.024105690917256658e-09
8.493287143771970290e-09
8.025747505433794887e-09
7.644100305173312655e-09
7.292355443483608478e-09
6.937782570228466950e-09
6.585187790869480523e-09
6.225028859006347063e-09
5.848667424848200192e-09
5.490339287452846017e-09
5.199380640440717536e-09
4.960289989022048554e-09
4.727606642646715638e-09
4.486940763681798165e-09
4.254312747073484636e-09
4.020400762184916490e-09
3.764237882746613402e-09
3.526703803168777763e-09
3.350522532445363880e-09
3.198955086064546509e-09
3.040567572614765176e-09
2.875262836131200682e-09
2.725214972690641468e-09
2.575448494857376950e-09
2.397178282409770662e-09
2.245597411315519531e-09
2.135706366046290106e-09
2.040699659041244658e-09
1.933090210622727927e-09
1.819585648041928431e-09
1.724615548055515323e-09
1.624585379890110055e-09
1.500035735185305257e-09
1.409024279256707702e-09
1.335217845961972467e-09
1.270966796522796596e-09
1.198018857892448906e-09
1.119079390025290839e-09
1.058944364153626493e-09
9.872149154098638796e-10
9.014505173510245689e-10
8.485723072203355995e-10
7.962346917677377594e-10
7.497769769360180200e-10
7.017465900564406942e-10
6.461117327425760595e-10
6.073023974795207047e-10
5.550047419863960391e-10
5.002682503054084522e-10
4.667565109744022316e-10
4.329019872002691270e-10
4.001881684556050509e-10
3.687109540120610499e-10
3.332011034029307081e-10
3.107445765006645167e-10
2.742275566734532871e-10
2.457908301028488063e-10
2.250026655138217768e-10
2.085376602485980997e-10
1.887869339264659465e-10
1.723769592286040923e-10
1.556074055813752477e-10
1.466726915929333561e-10
1.274539196891117901e-10
1.175132754652837181e-10
1.098307678980007991e-10
1.064634940840599427e-10
9.973657518240070815e-11
9.445523421676711702e-11
9.054004384211072876e-11
8.910933504468640380e-11
8.091526426393868632e-11
7.944710908077244133e-11
7.660998530324475379e-11
7.573957260978486854e-11
7.202308954017160350e-11
6.768798035106984819e-11
6.464976195022159806e-11
6.052023032922557894e-11
5.265794861875310275e-11
4.934879298529101367e-11
4.392819720654060451e-11
3.986223483514147850e-11
3.535552384849843514e-11
3.038619372102926520e-11
2.781182961131306976e-11
2.468702005905499227e-11
2.121771596464400194e-11
2.096593280458387721e-11
2.020755672197452684e-11
2.027524921694958750e-11
2.033283245734135810e-11
1.976860093066163702e-11
2.024512897175751461e-11
1.879011956097156214e-11
1.738001542829509081e-11
1.597878766981480690e-11
1.426487351572505401e-11
1.213377768508925753e-11
1.032990819562447318e-11
8.689922268757045667e-12
8.238887589953099493e-12
7.325335295188241181e-12
7.453311623713909038e-12
7.804243085744479231e-12
8.245322526370261129e-12
8.116014512535027189e-12
7.560874848356520002e-12
6.678966061353664504e-12
5.753781372280468174e-12
4.373346916642892471e-12
3.736922895827695995e-12
3.461282133097399440e-12
3.696394292212610130e-12
4.004404168084980276e-12
4.134809301659305152e-12
4.093617740594662391e-12
3.581894640878196785e-12
2.690369452216103761e-12
2.163344370011111006e-12
1.876334399408920139e-12
2.015089584749734539e-12
2.358801164416798280e-12
2.412830754527941798e-12
2.281324940927273265e-12
1.750068248033470216e-12
1.226406924757566877e-12
1.123063607488778824e-12
1.316579484462770644e-12
1.544310156114934492e-12
1.543261266742137965e-12
1.126753589954092276e-12
8.295510004131323944e-13
7.002575210284967333e-13
9.414944928429556941e-13
1.072350573637277798e-12
9.286300410756060081e-13
5.637148924996021265e-13
4.894732839722445391e-13
6.344888933600187967e-13
8.021688513385954735e-13
5.683517300112530952e-13
3.550815047475617719e-13
3.761269378411923965e-13
5.809810576457920762e-13
4.820367684162319024e-13
2.734900811773128419e-13
2.630247439594708038e-13
4.532305530130098169e-13
3.379517060059225124e-13
1.821290190326954281e-13
2.474030757388158662e-13
3.580220515888134171e-13
1.723790171067368059e-13
1.544084904672601635e-13
2.731413430774258796e-13
1.896714968719055896e-13
8.693196019118869723e-14
2.387180315503804018e-13
1.343061602966207072e-13
8.846976177861257922e-14
1.887730695443470017e-13
9.350905029389490560e-14
8.449099762206609154e-14
1.658654135561430665e-13
2.327348592143951830e-14
1.476548178835030767e-13
4.967067850481571087e-14
8.429093119979660896e-14
8.441865859684366345e-14
4.199393366138857951e-14
9.176634690215190650e-14
2.786866953888449564e-14
8.095430310707657130e-14
2.648689656240007416e-14
6.600244694044282315e-14
2.732888683969385926e-14
5.306391468481827288e-14
2.709323321319168831e-14
4.314206948180257817e-14
2.563939998854674236e-14
3.563625707028408489e-14
2.350509030137168973e-14
2.982434568360179961e-14
2.113454128962405910e-14
2.519078811243210827e-14
1.878348920804683838e-14
2.140717413883184014e-14
1.657642944339827665e-14
1.826456793639520274e-14
1.456435553172268278e-14
1.562421044755422969e-14
1.276046095260722129e-14
1.338872233264125771e-14
1.115945840722135223e-14
1.148617060938158051e-14
9.747590581007276954e-15
9.861178760330279553e-15
8.507755795249454374e-15
8.469776316572192701e-15
7.422115948721067871e-15
7.276259102081213656e-15
6.473399106602103921e-15
6.251167549731806045e-15
5.645516255245224673e-15
5.369914573737689716e-15
4.923813716037643924e-15
4.611809349331403710e-15
4.295131685783736201e-15
3.959334362627572998e-15
3.747761246125218332e-15
3.397592163148214953e-15
3.271350747126239341e-15
2.913870759320475627e-15
2.856789920980240175e-15
2.497295136178787219e-15
2.496087530153866087e-15
2.138543344328972851e-15
2.182251221406441262e-15
1.829612326274687342e-15
1.909174156159980775e-15
1.563622915577195150e-15
1.671530602684811628e-15
1.334656251393434202e-15
1.464681294488626570e-15
1.137615749374561009e-15
1.284588567232516689e-15
9.681101083596180283e-16
1.127740849698091991e-15
8.223537893692036961e-16
9.910858541952619426e-16
6.970821141567437757e-16
8.719717139943063117e-16
5.894786695912829892e-16
7.680952896649069324e-16
4.971131177673257684e-16
6.774568838435798444e-16
4.178878390442765409e-16
5.983206494720659906e-16
3.499920966755589638e-16
5.291800294540884796e-16
2.918626214330858350e-16
4.687276273866174750e-16
2.421496879578368315e-16
4.158289681648084681e-16
1.996878965798426442e-16
3.694996660681687445e-16
1.634709924541023869e-16
3.288855718635228767e-16
1.326301529213211626e-16
2.932455208644551289e-16
1.064152576339966185e-16
2.619363479496878312e-16
8.417872484467240225e-17
2.343998781029164749e-16
6.536155860683861397e-17
2.101516353194354920e-16
4.948130063128183364e-17
1.887710463125551588e-16
3.612162446930863467e-17
1.698929431860975958e-16
2.492334660661796576e-17
1.532001945453217196e-16
1.557665977073070116e-17
1.384173162076399483e-16
7.814421506033627378e-18
1.253049325064778144e-16
1.406354118330708502e-18
1.136549752405363359e-16
-3.845968916777674264e-18
1.032865225772808651e-16
-8.113456208469447926e-18
9.404219308883667623e-17
-1.154324481462712580e-17
8.578502093716392683e-17
-1.426193872913141384e-17
7.839574811131740803e-17
-1.637840869505860570e-17
7.177047816887827359e-17
-1.798621291593187494e-17
6.581864341311914470e-17
-1.916568979454509524e-17
6.046124332858520252e-17
-1.998576717704218820e-17
5.562931829509816051e-17
-2.050552660388496875e-17
5.126262702716784356e-17
-2.077555549367061303e-17
4.730850053791298287e-17
-2.083911608617714071e-17
4.372084885326531268e-17
-2.073315587679363294e-17
4.045930026900557318e-17
-2.048918081312569437e-17
3.748845523507434451e-17
-2.013401013238871927e-17
3.477723949427568178e-17
-1.969042843568628157e-17
3.229834337032973118e-17
-1.917774913009628270e-17
3.002773546146474537e-17
-1.861230119914027671e-17
2.794424086619948954e-17
-1.800784952371023478e-17
2.602917533763540873e-17
-1.737595784673397995e-17
2.426602779979637017e-17
-1.672630213874391222e-17
2.264018479806989411e-17
-1.606694095571704542e-17
2.113869130357868839e-17
-1.540454875751079595e-17
1.975004288993780243e-17
-1.474461709750527276e-17
1.846400529047943657e-17
-1.409162803225534991e-17
1.727145745402738130e-17
-1.344920359605710247e-17
1.616425513259710733e-17
-1.282023449130912699e-17
1.513511222244922496e-17
-1.220699086953135452e-17
1.417749742589182806e-17
-1.161121765018911713e-17
1.328554428905696822e-17
-1.103421638114973977e-17
1.245397279115618533e-17
-1.047691563771455381e-17
1.167802095847959696e-17
-9.939931351340718371e-18
1.095338520230222071e-17
-9.423618558293188489e-18
1.027616819468421028e-17
-8.928115714462833790e-18
9.642833290132305132e-18
-8.453382543414550174e-18
9.050164701005270965e-18
-7.999232394644826663e-18
8.495232578224001634e-18
-7.565359769987743751e-18
7.975362418347310109e-18
-7.151363756966278811e-18
7.488108241674139046e-18
-6.756767915749054778e-18
7.031229012128880953e-18
-6.381037068795688853e-18
6.602667936139907578e-18
-6.023591465188744966e-18
6.200534220842080942e-18
-5.683818677889718750e-18
5.823087046639035630e-18
-5.361083506524366836e-18
5.468721429299255348e-18
-5.054736220603821919e-18
5.135955765406881703e-18
-4.764119304627265087e-18
4.823420854084212545e-18
