# bin_4_2
2.009321803613710229e-07
-1.886999903175473372e-07
1.887391686583199432e-07
-1.776901914869479152e-07
1.773126003042993383e-07
-1.673102324767646458e-07
1.666015110118081933e-07
-1.575251983592700896e-07
1.565587725173413993e-07
-1.483017955986009872e-07
1.471407780834568022e-07
-1.396083008193659575e-07
1.383071613574610301e-07
-1.314145024796711144e-07
1.300205447519744997e-07
-1.236916371567471529e-07
1.222463147393331803e-07
-1.164123205869301923e-07
1.149524213109867316e-07
-1.095504752363249459e-07
1.081091996750683971e-07
-1.030812542857365757e-07
1.016892119032910651e-07
-9.698096311816568679e-08
9.566710697844453018e-08
-9.122697864742144067e-08
9.001949771553960203e-08
-8.579766674968749170e-08
8.472485265534402300e-08
-8.067229876491358449e-08
7.976340170116809974e-08
-7.583096732096566393e-08
7.511705365103975772e-08
-7.125450262982780406e-08
7.076932385223411039e-08
-6.692439037007528183e-08
6.670526957914478557e-08
-6.282269293326507082e-08
6.291143078570287630e-08
-5.893197606938547169e-08
5.937577259620233315e-08
-5.523524438571836584e-08
5.608762573370351426e-08
-5.171588921306374522e-08
5.303761950945025163e-08
-4.835765421523977800e-08
5.021760154327949630e-08
-4.514462497686832546e-08
4.762053646132577219e-08
-4.206124991861132604e-08
4.524037525070098407e-08
-3.909240164511187550e-08
4.307188525802818900e-08
-3.622348821212515053e-08
4.111043062266933183e-08
-3.344062451929133673e-08
3.935169272200815953e-08
-3.073087324530700981e-08
3.779132184404521436e-08
-2.808256272383369260e-08
3.642451408926265555e-08
-2.548568428655410403e-08
3.524551442036884031e-08
-2.293236423070089125e-08
3.424705540530520889e-08
-2.041739349664774616e-08
3.341975638819574149e-08
-1.793878141270340557e-08
3.275152646067959636e-08
-1.549827820158607934e-08
3.222703960814849736e-08
-1.310178357098833504e-08
3.182737875908170380e-08
-1.075952985172740781e-08
3.152997491289706134e-08
-8.485899509618724247e-09
3.130899253648768317e-08
-6.298718139830413423e-09
3.113632267836308961e-08
-4.217865252121788757e-09
3.098332855363969221e-08
-2.263082046121780488e-09
3.082342674959728580e-08
-4.509455079174575038e-10
3.063546430546805110e-08
1.208861621475155730e-09
3.040765261797715776e-08
2.717618137763035158e-09
3.014154596888340465e-08
4.091298721157461228e-09
2.985523131931975705e-08
5.362984443449609457e-09
2.958459941138941138e-08
6.582717086373958095e-09
2.938142031387157418e-08
7.813557884298835846e-09
2.930712855993985166e-08
9.123033431807818384e-09
2.942193254140363254e-08
1.057018362123801805e-08
2.977023267061804266e-08
1.219011888498879954e-08
3.036529004457278684e-08
1.398010384774104019e-08
3.117817381192324155e-08
1.589300378662423141e-08
3.213725981927602666e-08
1.784424226570809644e-08
3.314355569822495760e-08
1.973576521801556371e-08
3.410257173000353009e-08
2.149398469008658167e-08
3.496518319269306491e-08
2.310923340583907816e-08
3.576033641611253067e-08
2.465597958344298015e-08
3.659731566651759803e-08
2.627307917031243671e-08
3.762235050462747190e-08
2.809870598557903703e-08
3.893810941695701012e-08
3.018514421099148162e-08
4.052817156184029134e-08
3.244915874927625178e-08
4.224828551858042097e-08
3.471416961618747145e-08
4.392051447978202411e-08
3.684547860196732707e-08
4.548575878903878850e-08
3.888590516165363179e-08
4.708425863363866909e-08
4.104885252955595752e-08
4.894645671054659120e-08
4.351980004690117816e-08
5.114955664232991471e-08
4.623813607154817544e-08
5.350292900043166909e-08
4.894553846800088243e-08
5.577106571888010600e-08
5.152863573216958579e-08
5.801869953225878667e-08
5.422124430399142080e-08
6.055617296005488769e-08
5.727439757525977058e-08
6.344726357650193982e-08
6.052363123829446022e-08
6.637392944621868029e-08
6.367335407447422457e-08
6.924228995267059018e-08
6.690905631530058830e-08
7.241685350752673857e-08
7.054390803722823296e-08
7.593739557532349570e-08
7.430678029172720064e-08
7.942044481035958547e-08
7.801544254160049248e-08
8.305479979341297942e-08
8.208829702232465741e-08
8.711820361276316360e-08
8.639882122599129287e-08
9.120063431666823669e-08
9.068563583502004310e-08
9.548909539565993181e-08
9.539421161723784348e-08
1.001744126023927523e-07
1.002339830911130319e-07
1.048659491788918177e-07
1.052526133961840260e-07
1.099987416122088035e-07
1.106577673296978595e-07
1.152591099630148245e-07
1.161321110277683899e-07
1.208603424929592867e-07
1.220671652345065442e-07
1.267045653022808123e-07
1.280977312231665963e-07
1.328803973553579494e-07
1.345948090795138586e-07
1.393083662888854802e-07
1.412578803482329742e-07
1.461565215870973418e-07
1.483420790823878387e-07
1.532172251703448211e-07
1.557523884386042565e-07
1.607565094660700925e-07
1.634541317004469618e-07
1.686183226428300176e-07
1.716335437465029975e-07
1.768255140525056751e-07
1.801747916701644673e-07
1.855169606696580475e-07
1.890804687369421693e-07
1.946450562488750335e-07
1.984549400411464849e-07
2.041838657284350572e-07
2.083196924237009644e-07
2.141845973941892837e-07
2.186635572989094960e-07
2.246943101126106743e-07
2.295004049526652020e-07
2.357368585642938553e-07
2.408611164275152889e-07
2.473308446425294115e-07
2.527778019861541729e-07
2.594991026341304079e-07
2.652803109508958791e-07
2.722686931997543629e-07
2.783978674886713562e-07
2.856691830588113412e-07
2.921605523806621991e-07
2.997317727765461678e-07
3.065999024913049648e-07
3.144891015604238651e-07
3.217490800488367736e-07
3.299752971040081620e-07
3.376429253556533790e-07
3.462260756872078359e-07
3.543179998051473332e-07
3.632788404340640806e-07
3.718126403765282605e-07
3.811727715630664333e-07
3.901670246570001626e-07
3.999489114736956037e-07
4.094232426575745772e-07
4.196502473818777881e-07
4.296253726310479732e-07
4.403217928928234461e-07
4.508195590646964274e-07
4.620106689314140323e-07
4.730540915289628984e-07
4.847661838229273855e-07
4.963794832399185147e-07
5.086399118994098932e-07
5.208485481586004432e-07
5.336857696619379455e-07
5.465164753002136997e-07
5.599600882075485834e-07
5.734408986817846610e-07
5.875216802754543358e-07
6.016819610039371066e-07
6.164318998711513912e-07
6.313023687707892970e-07
6.467546919562605598e-07
6.623674360458903769e-07
6.785566291435759592e-07
6.949451134603210807e-07
7.119069316837377647e-07
7.291059983782027356e-07
7.468774662525348210e-07
7.649233212873765469e-07
7.835427181370701007e-07
8.024729024892482458e-07
8.219797303370335419e-07
8.418330719987277976e-07
8.622680018324853211e-07
8.830845441879845726e-07
9.044893357874616937e-07
9.263102371147482949e-07
9.487276267355298115e-07
9.715950246191354441e-07
9.950685737974497968e-07
1.019025407132121948e-06
1.043599304692430658e-06
1.068689084692779812e-06
1.094407892691662429e-06
1.120674412889603188e-06
1.147582745711465762e-06
1.175069719324062033e-06
1.203211843458422332e-06
1.231962454735297003e-06
1.261381794913024363e-06
1.291438149153008493e-06
1.322176684536722996e-06
1.353579139423210564e-06
1.385676671463539520e-06
1.418463030268468354e-06
1.451956301742448534e-06
1.486160846881076803e-06
1.521082489623415232e-06
1.556734833143106745e-06
1.593112120234603315e-06
1.630235846285089358e-06
1.668089223207881305e-06
1.706700296646482774e-06
1.746041665469493357e-06
1.786146580866399639e-06
1.826977312318788164e-06
1.868570959242668369e-06
1.910879610125275892e-06
1.953942834341272746e-06
1.997702552839321448e-06
2.042199399751579693e-06
2.087365009747494436e-06
2.133239647066405794e-06
2.179744415614225872e-06
2.226917748034365207e-06
2.274669859056892706e-06
2.323035870101718839e-06
2.371914653608113546e-06
2.421336540310705658e-06
2.471188541637673497e-06
2.521494748041388068e-06
2.572129767446523999e-06
2.623110074618982288e-06
2.674297365472048956e-06
2.725699260099341160e-06
2.777164144890741348e-06
2.828689766102383471e-06
2.880111013508761653e-06
2.931415067634367247e-06
2.982423469266692060e-06
3.033112601900377486e-06
3.083291289847092915e-06
3.132925507908995515e-06
3.181812655744104499e-06
3.229909488752953306e-06
3.277004126101759217e-06
3.323046289241171753e-06
3.367818013378942406e-06
3.411265361347717910e-06
3.453168720634179351e-06
3.493475228270295009e-06
3.531969444524874060e-06
3.568605776391443367e-06
3.603180221124680930e-06
3.635662108779359630e-06
3.665867500361880612e-06
3.693789581098080386e-06
3.719274176289551052e-06
3.742348115205309657e-06
3.762897192003618509e-06
3.780991786772103934e-06
3.796567452069407875e-06
3.809747028888682454e-06
3.820523890463702407e-06
3.829079740226644936e-06
3.835470410977036389e-06
3.839938502279867711e-06
3.842601542940273639e-06
3.843758650823421139e-06
3.843580858815160526e-06
3.842411104789508705e-06
3.840456642696732842e-06
3.838081942530079649e-06
3.835503404318133737e-06
3.833075206519925595e-06
3.830987037781301205e-06
3.829543584494861268e-06
3.828866672765271508e-06
3.829169875609571283e-06
3.830467213866459194e-06
3.832845135761348683e-06
3.836180545573391174e-06
3.840412886168063251e-06
3.845274411856250235e-06
3.850564904200777076e-06
3.855896370509616491e-06
3.860971643224608270e-06
3.865343723121906220e-06
3.868696928362957628e-06
3.870617882287876971e-06
3.870874238529803445e-06
3.869190444964572118e-06
3.865515409395831178e-06
3.859793145417651506e-06
3.852208987986989717e-06
3.842945309294776797e-06
3.832398447100469877e-06
3.820915091692345168e-06
3.808980565683782160e-06
3.796942711647465260e-06
3.785185365375393511e-06
3.773860256207527116e-06
3.763071632285488673e-06
3.752644634906170028e-06
3.742348121931435661e-06
3.731719784981965690e-06
3.720335398827216673e-06
3.707681848606992173e-06
3.693444449411936113e-06
3.677380476012825823e-06
3.659563685401018386e-06
3.640193970550431909e-06
3.619745819988420664e-06
3.598687633458050731e-06
3.577548555759208445e-06
3.556609098952925340e-06
3.535990371923486581e-06
3.515442362474997843e-06
3.494571591724591302e-06
3.472792617875928445e-06
3.449674925069436979e-06
3.424938715549075939e-06
3.398721218641838641e-06
3.371391762002225580e-06
3.343571143690403094e-06
3.315741603605239460e-06
3.288182656870742564e-06
3.260698168968361622e-06
3.232835444628884296e-06
3.203969041350101142e-06
3.173761339314091303e-06
3.142235302284597257e-06
3.109914363419257781e-06
3.077413857389946587e-06
3.045193716319642441e-06
3.013141188669804341e-06
2.980753763207659866e-06
2.947379560057845056e-06
2.912825130067874636e-06
2.877432176119893712e-06
2.841949092140040853e-06
2.806831596042468340e-06
2.771957099517454769e-06
2.736642155876601923e-06
2.700393328235090981e-06
2.663319325830658201e-06
2.626129759403275136e-06
2.589311584236555145e-06
2.552713503246751386e-06
2.515711588802262606e-06
2.478121108013818450e-06
2.440380114375276712e-06
2.403009948057872036e-06
2.365780752143430128e-06
2.328135037454633642e-06
2.290058571176467520e-06
2.252290785724316027e-06
2.215152217729157065e-06
2.178120415877106423e-06
2.140713818734767666e-06
2.103382685987777031e-06
2.066521442894601995e-06
2.029754065141260693e-06
1.992821591287800912e-06
1.956382401643259293e-06
1.920654048572737265e-06
1.885024880634660395e-06
1.849427993282171699e-06
1.814389592794606146e-06
1.779571722647373722e-06
1.744775948965061697e-06
1.710617841497176581e-06
1.677095310447337935e-06
1.643850427365117264e-06
1.611231553105561194e-06
1.578980657965957295e-06
1.546936177596248100e-06
1.515431028462801473e-06
1.484232790305227111e-06
1.453587000384639572e-06
1.423760184908563556e-06
1.394402775187425257e-06
1.365662290239328851e-06
1.337252358681067711e-06
1.309299476623159502e-06
1.281753373149039582e-06
1.254639252399164386e-06
1.228249174683828569e-06
1.202557792187449371e-06
1.177555125670304938e-06
1.153005334823953722e-06
1.128894239479745132e-06
1.105179352837546687e-06
1.081860853613232741e-06
1.059016964124168745e-06
1.036913702784954453e-06
1.015516703285856237e-06
9.947377331627190072e-07
9.744050801323564633e-07
9.544260186510725749e-07
9.348156808920819198e-07
9.155400613334281809e-07
8.967554167557934026e-07
8.786946677295231971e-07
8.612892247893169652e-07
8.444017598860148252e-07
8.278804845288636366e-07
8.116392229933052313e-07
7.956976212269184432e-07
7.800184797585268526e-07
7.648347434989236877e-07
7.503069437381617130e-07
7.363503067940311288e-07
7.227725870818215500e-07
7.094727046383304095e-07
6.963942578925993374e-07
6.835278628616668776e-07
6.708435500398248459e-07
6.586286785140405632e-07
6.470010634288508238e-07
6.358522909355081473e-07
6.249511799702677539e-07
6.142234418089451499e-07
6.036623272222481750e-07
5.932234019681029296e-07
5.829073849317873383e-07
5.730319631313345401e-07
5.636488698382414019e-07
5.546392698319168939e-07
5.457796484839910273e-07
5.370224884733081932e-07
5.283928982803040201e-07
5.197983626667419544e-07
5.113073760162011475e-07
5.032401213813482757e-07
4.955378054786677226e-07
4.881040253871205523e-07
4.807731661283455885e-07
4.734867038320366967e-07
4.663044823591865903e-07
4.591123870414676787e-07
4.520215913394534776e-07
4.453111567989460594e-07
4.388549348321929235e-07
4.325594920593687117e-07
4.263194490320054393e-07
4.201111953008939639e-07
4.139890234839344002e-07
4.078124998484082205e-07
4.017662085067903334e-07
3.960017126905300731e-07
3.904122051582765944e-07
3.848743830621026513e-07
3.793782098205501061e-07
3.739382554260913958e-07
3.685633040876445444e-07
3.631094735376542371e-07
3.577953846425639835e-07
3.526851616979213066e-07
3.476966546457170472e-07
3.427057707581483649e-07
3.377463103722971575e-07
3.328758165130280203e-07
3.280452591282096963e-07
3.231376736229122610e-07
3.183647658278869588e-07
3.137041862862222276e-07
3.091098390366099731e-07
3.044904912750157987e-07
2.998882115170011073e-07
2.953762588627004829e-07
2.908483728862709124e-07
2.862473612209584653e-07
2.817476799097922550e-07
2.772436134922945861e-07
2.727444940956518728e-07
2.682200075400434062e-07
2.636813856417910780e-07
2.592216145987474662e-07
2.547250232316834199e-07
2.501823850591587433e-07
2.457135109387157092e-07
2.412158302048588354e-07
2.367292433275227688e-07
2.322690777802497611e-07
2.278484672963424339e-07
2.235533852824367144e-07
2.192720225642700627e-07
2.150535061396570148e-07
2.109188762077859280e-07
2.068399688801405346e-07
2.028277200896623929e-07
1.989234575630153925e-07
1.951242812357663875e-07
1.914749964283600969e-07
1.878767009438463836e-07
1.843732808248487466e-07
1.809260070095707449e-07
1.775445316195279034e-07
1.742254177466536839e-07
1.709984953188607646e-07
1.678568747467017210e-07
1.648145279203832628e-07
1.618052997990318661e-07
1.588453572669559745e-07
1.558787442668422851e-07
1.529300880474477237e-07
1.500016048491713232e-07
1.471084392197693425e-07
1.442517413685695261e-07
1.414423465132680993e-07
1.386529409498983869e-07
1.358831235115454805e-07
1.330979908688909850e-07
1.303283163984716770e-07
1.275801898412219362e-07
1.248503357176232078e-07
1.221335403047030026e-07
1.194345608150478209e-07
1.167368118354245834e-07
1.140279559227173951e-07
1.113116347610559336e-07
1.086177765711896882e-07
1.059569160276172712e-07
1.033280037521421571e-07
1.007263867255400292e-07
9.815967915008857414e-08
9.560954530836301716e-08
9.305204534173673576e-08
9.049944317478423044e-08
8.796610772509188656e-08
8.545856057084813030e-08
8.298210398710798806e-08
8.054830244067532099e-08
7.818204495142166389e-08
7.585792481247983196e-08
7.355343343516054885e-08
7.127019978028339878e-08
6.902127137076733485e-08
6.680553986933616327e-08
6.462023768658545677e-08
6.247235530765910445e-08
6.038362343428632767e-08
5.833677904346339851e-08
5.634097362723706530e-08
5.439970026688938895e-08
5.251556188530144010e-08
5.067143197207811109e-08
4.885076057439123429e-08
4.705689644678183730e-08
4.530548392964635310e-08
4.359455402966107984e-08
4.195829734767709046e-08
4.039095403913861919e-08
3.887772639148731682e-08
3.739857909237066116e-08
3.593575796619154739e-08
3.450565116266102023e-08
3.312772707210606811e-08
3.179209488534656481e-08
3.051011752876004681e-08
2.927792740122262840e-08
2.809268344420740439e-08
2.693980025190744380e-08
2.581136403041775273e-08
2.472747353612278286e-08
2.368947112295820023e-08
2.268946914110930929e-08
2.171999337711769923e-08
2.078100841775740911e-08
1.987544451514569228e-08
1.900888324036523682e-08
1.817745256586227259e-08
1.738008849473627344e-08
1.661181260103249671e-08
1.587858594198047633e-08
1.517499494639081191e-08
1.448269334008087236e-08
1.381515955278552942e-08
1.318775941970098524e-08
1.258787556554699443e-08
1.200703869105141489e-08
1.144901958388148094e-08
1.092553713093273437e-08
1.042715548517182925e-08
9.938371895534403078e-09
9.467846519071431386e-09
9.021924525725408446e-09
8.589381689390301144e-09
8.169523285702603267e-09
7.777772631982847929e-09
7.409699299339225739e-09
7.064239741415177070e-09
6.735237405089452881e-09
6.410405830419211648e-09
6.095162623018719916e-09
5.786043172984690022e-09
5.487753067283550060e-09
5.218882813178630081e-09
4.965279161629589257e-09
4.733983415205971112e-09
4.515652997157306080e-09
4.292783889762864582e-09
4.071851579584226106e-09
3.852730290897341288e-09
3.647946549551518945e-09
3.463246141907953892e-09
3.296697215835730870e-09
3.143651152938315057e-09
2.996897332076376943e-09
2.844714149082123864e-09
2.691718487670245785e-09
2.538611162209250919e-09
2.399799593563575514e-09
2.276088547632165820e-09
2.169396727110671031e-09
2.066216803347358546e-09
1.965539110524938932e-09
1.862676466114103400e-09
1.757930456849762594e-09
1.651914335138537152e-09
1.556411704210067176e-09
1.476597786330973109e-09
1.407777745051840295e-09
1.337208059746982634e-09
1.266896622562226562e-09
1.197552563817801137e-09
1.125726628276609809e-09
1.051371909736867114e-09
9.867496401062124500e-10
9.347870102394339974e-10
8.883893380861554495e-10
8.388326584069095396e-10
7.892063146429846405e-10
7.423588999501829127e-10
6.917805600530780874e-10
6.387108006486771110e-10
5.969260630136531161e-10
5.613006816515164941e-10
5.283722103592805510e-10
4.936543227997855764e-10
4.582871482024319917e-10
4.264719833429565163e-10
3.906219001159346642e-10
3.539379860718898876e-10
3.277301445738750528e-10
3.038682735556265602e-10
2.811147417378677399e-10
2.577016978893664385e-10
2.345898896299536078e-10
2.151579144151455168e-10
1.911876388665946647e-10
1.700319048202530723e-10
1.554354765489945842e-10
1.430380123376035507e-10
1.301424231191461249e-10
1.178752269479190820e-10
1.071414462080262941e-10
9.910398713763529940e-11
8.697417866301224060e-11
7.905650410817250990e-11
7.447185527891036851e-11
7.189124930980602325e-11
6.811441927227046277e-11
6.444834754170108304e-11
6.243774748460175013e-11
6.097507474670412563e-11
5.609096262459170825e-11
5.464530598009815527e-11
5.344300703976585086e-11
5.290521804453855162e-11
5.079984404870780865e-11
4.774771281359313122e-11
4.578075216576136315e-11
4.252349085861658804e-11
3.710551280116761338e-11
3.435414236478338302e-11
3.075738313576207833e-11
2.772067028131296389e-11
2.457259076316172313e-11
2.091374391877884968e-11
1.908816915065428063e-11
1.666820496648237345e-11
1.423924372425539644e-11
1.402292667026568751e-11
1.376129899938473410e-11
1.390807325831415832e-11
1.416283620051511874e-11
1.383484165156693755e-11
1.432230304292796787e-11
1.322199814764672179e-11
1.220288105314548959e-11
1.117134843566542847e-11
1.002715861733406033e-11
8.434355304501283171e-12
7.136903750359662166e-12
5.894551314639460761e-12
5.619520986786005034e-12
4.880548295605721002e-12
5.038314214301293396e-12
5.347489676655676799e-12
5.814662433096263264e-12
5.734452594808234765e-12
5.383134648326659830e-12
4.713906034297607204e-12
4.058066115206630760e-12
2.936149510345259417e-12
2.491478703264321934e-12
2.284658047642720407e-12
2.544310555080307451e-12
2.783945704605252137e-12
2.930569369147236870e-12
2.905373149137886728e-12
2.555722912652703684e-12
1.821976149639053274e-12
1.460771778372554964e-12
1.234060845666422965e-12
1.390183156475570138e-12
1.644938040954909190e-12
1.713832489329668788e-12
1.615757121810970675e-12
1.229296772031616508e-12
7.969273452433536283e-13
7.567238199958906275e-13
8.999177081945065936e-13
1.103614791285175774e-12
1.090683555837619755e-12
7.842262589191522382e-13
5.551602851672910914e-13
4.705708804108515088e-13
6.432589507418559299e-13
7.720793264008238969e-13
6.528124062055193499e-13
3.841976748880972554e-13
3.147898539875653339e-13
4.430842903873651759e-13
5.747162731497061927e-13
4.010354801792029258e-13
2.260953612219036563e-13
2.572134321949378640e-13
4.116293132450108320e-13
3.461460460187628350e-13
1.747040791973935283e-13
1.782971707984146542e-13
3.230003349941435557e-13
2.396854615169178720e-13
1.140485274325343757e-13
1.738784797134543246e-13
2.540232391019102931e-13
1.189781985310059514e-13
9.766148451293158055e-14
1.995878587146416706e-13
1.293707240007505452e-13
5.502633202571632055e-14
1.701681552487834106e-13
9.482188171580621560e-14
5.361124491953743852e-14
1.397391221110768029e-13
5.924385050458383048e-14
5.926151642291076388e-14
1.177907724242374630e-13
1.230902263828329599e-14
1.049858340322932470e-13
3.403476633933715935e-14
5.650742878030917301e-14
6.217705502642278870e-14
2.442134121455063715e-14
6.866245513236940917e-14
1.432796566900055029e-14
6.077475102579299923e-14
1.411866053449335847e-14
4.954737718262302227e-14
1.554349168602657719e-14
3.982697793172282068e-14
1.602415531845911848e-14
3.241124991464024537e-14
1.546408410055757426e-14
2.683646903379256140e-14
1.429742540788546241e-14
2.254272269218322454e-14
1.288298823269121894e-14
1.913168075516836260e-14
1.142995026402533892e-14
1.635129710993707355e-14
1.004315174627420323e-14
1.404266924038314028e-14
8.768685330223099484e-15
1.210135836526031086e-14
7.622113804617221440e-15
1.045483054693444257e-14
6.603778134206872674e-15
9.050007172633875833e-15
5.706766163129077661e-15
7.846346196454637503e-15
4.921024801024613924e-15
6.811855816314444393e-15
4.235480259250032206e-15
5.920681539714164452e-15
3.639121813788882683e-15
5.151565408123256763e-15
3.121537886832446793e-15
4.486809692090543805e-15
2.673158546239254432e-15
3.911546319618040748e-15
2.285339521629655150e-15
3.413200551769542239e-15
1.950361221243328584e-15
2.981083806745384751e-15
1.661383508285414716e-15
2.606076031578556289e-15
1.412379152570662256e-15
2.280372538249370481e-15
1.198058909382262535e-15
1.997278784302087072e-15
1.013795495540362471e-15
1.751041810039754271e-15
8.555504410457569971e-16
1.536710353097297683e-15
7.198058668048364532e-16
1.350017823286242668e-15
6.035021069955043806e-16
1.187283780964111036e-15
5.039814322450775232e-16
1.045330577504307439e-15
4.189377517972753298e-16
9.214125428250864764e-16
3.463719651170778416e-16
8.131556390751228889e-16
2.845525292367090321e-16
7.185058999476004693e-16
2.319807676356714388e-16
6.356852837970837967e-16
1.873604424497816282e-16
5.631538082067034034e-16
1.495711296454461224e-16
4.995770257090757772e-16
1.176449667545543925e-16
4.437980528825291437e-16
9.074637770134574575e-17
3.948134910868207815e-16
6.815441643968715301e-17
3.517526787631320761e-16
4.924740789627608261e-17
3.138598011546754507e-16
3.348959972767813515e-17
2.804784535136565394e-16
2.041957070206441756e-17
2.510383136687711807e-16
9.640171629946093862e-18
2.250436298413933931e-16
8.098015516090327816e-19
2.020632717428050820e-16
-6.365153972354535935e-18
1.817221290831851742e-16
-1.213687402309744141e-17
1.636936722107864915e-16
-1.672177529788747771e-17
1.476935153912926085e-16
-2.030542266047841654e-17
1.334738459153559351e-16
-2.304677798753035364e-17
1.208186008432706037e-16
-2.508187505335559692e-17
1.095392899277918569e-16
-2.652699678078325259e-17
9.947137690072934258e-17
-2.748142136960473160e-17
9.047114374851412872e-17
-2.802979483363962841e-17
8.241297259424427487e-17
-2.824418004593036313e-17
7.518698896139633952e-17
-2.818582583728883739e-17
6.869701776155018002e-17
-2.790669375033875792e-17
6.285881001615953671e-17
-2.745077514238606868e-17
5.759850396444090384e-17
-2.685522705257721199e-17
5.285128920026626843e-17
-2.615135128166881533e-17
4.856024667076795986e-17
-2.536543799070944240e-17
4.467534109626970817e-17
-2.451949224821380852e-17
4.115254540793309351e-17
-2.363185944366824888e-17
3.795307976452045846e-17
-2.271776336686452385e-17
3.504274979686786337e-17
-2.178976889024661648e-17
3.239137099672413373e-17
-2.085817958413493878e-17
2.997226779847038767e-17
-1.993137921044734606e-17
2.776183750269224269e-17
-1.901612475020179886e-17
2.573917046953487814e-17
-1.811779775123638534e-17
2.388571916079871747e-17
-1.724061966130814477e-17
2.218500963256420881e-17
-1.638783615794076858e-17
2.062238986962267559e-17
-1.556187483946852705e-17
1.918481018010401467e-17
-1.476447988898675952e-17
1.786063140938968110e-17
-1.399682702318229860e-17
1.663945740117903992e-17
-1.325962141574751621e-17
1.551198849499006976e-17
-1.255318104311968751e-17
1.446989337444513525e-17
-1.187750747394588294e-17
1.350569687278819068e-17
-1.123234589843904782e-17
1.261268167314867908e-17
-1.061723593937010465e-17
1.178480212247970862e-17
-1.003155453672129766e-17
1.101660860698363355e-17
-9.474552061118102541e-18
1.030318113379859878e-17
-8.945382642812756184e-18
9.640070945981773008e-18
-8.443129545861947527e-18
9.023249158005484179e-18
-7.966826302191941658e-18
8.449061514521784776e-18
-7.515474263498216327e-18
7.914188514471831326e-18
-7.088057071428473253e-18
7.415610218072710737e-18
-6.683552515718067878e-18
6.950575156409502881e-18
-6.300942195189020533e-18
6.516572835546985747e-18
-5.939219283623444443e-18
6.111309397542368886e-18
-5.597394720593706597e-18
5.732686035163268610e-18
-5.274502064445285722e-18
5.378779851405768743e-18
-4.969601210257947846e-18
5.047826834938827518e-18
-4.681781171346231622e-18
4.738206741082952951e-18
-4.410162065401152663e-18
4.448429597558771349e-18
-4.153896434381068553e-18
4.177123707388223995e-18
-3.912170026921454456e-18
