# bin_5_3
9.063713848539170820e-09
-1.254087149884751076e-09
8.225948403677008508e-09
-1.422517959326820334e-09
7.502085112395763647e-09
-1.560898633685051945e-09
6.878232537116466045e-09
-1.672822917512803969e-09
6.342410272082790722e-09
-1.761091178201193445e-09
5.884342563204069833e-09
-1.827798129265115558e-09
5.495284260404106706e-09
-1.874400543093160409e-09
5.167874098618175685e-09
-1.901766907841076620e-09
4.896014673046510178e-09
-1.910210789635734233e-09
4.674775570868499706e-09
-1.899509175000088027e-09
4.500318034648861479e-09
-1.868906527833312429e-09
4.369839418280340495e-09
-1.817106106813227738e-09
4.281536107987548073e-09
-1.742249259561005393e-09
4.234582751817833331e-09
-1.641883341760464623e-09
4.229127084740731400e-09
-1.512920073058148851e-09
4.266297703780887621e-09
-1.351585717395026110e-09
4.348223055496683252e-09
-1.153365142266631609e-09
4.478057957525656860e-09
-9.129432037316484612e-10
4.660014880984381474e-09
-6.241469035173270659e-10
4.899393649107293758e-09
-2.798950085765689767e-10
5.202603451912455295e-09
1.278383475574566380e-10
5.577168270069347133e-09
6.080358845295711904e-10
6.031704469811232032e-09
1.170612979931677768e-09
6.575856406003928521e-09
1.826341643323045277e-09
7.220173289744447794e-09
2.586704593414139739e-09
7.975907316820360397e-09
3.463657947805711704e-09
8.854710221849174324e-09
4.469279239294162672e-09
9.868204087717156999e-09
5.615275972498490880e-09
1.102740215394564496e-08
6.912332295483496416e-09
1.234195884759706503e-08
8.369275908304099886e-09
1.381923587071346225e-08
9.992058600578407589e-09
1.546318584447307833e-08
1.178256240000841888e-08
1.727307802901582525e-08
1.373727146587202484e-08
1.924212496287631740e-08
1.584589004167203222e-08
2.135611487282879243e-08
1.809003951587476017e-08
2.359221348143708832e-08
2.044223154462762624e-08
2.591816763479758721e-08
2.286538532459582707e-08
2.829221313702460051e-08
2.531322368043557371e-08
3.066404905602728701e-08
2.773192888188239732e-08
3.297726493851982068e-08
3.006343494863629163e-08
3.517356775092179836e-08
3.225064551913303157e-08
3.719900710800377485e-08
3.424464919795998792e-08
3.901210237178183033e-08
3.601362147187221713e-08
4.059329839625712097e-08
3.755253198138935790e-08
4.195452101694477200e-08
3.889205097840323551e-08
4.314683548754721411e-08
4.010427967037681382e-08
4.426350007319251197e-08
4.130235228697983933e-08
4.543535678580193195e-08
4.263094205367897372e-08
4.681593929604444478e-08
4.424571739709125298e-08
4.855538024602815329e-08
4.628226927784196081e-08
5.076548441563740001e-08
4.881908810771280927e-08
5.348302494744853531e-08
5.184422297934285083e-08
5.664331715771067730e-08
5.523961230374850872e-08
6.007910055047735233e-08
5.879781346024556072e-08
6.355735883652074519e-08
6.227949015217435468e-08
6.685577850907620001e-08
6.550437526518654648e-08
6.986071034609430015e-08
6.844579552633637415e-08
7.264551133682053433e-08
7.127900985382123351e-08
7.547586061462943582e-08
7.433371294669689188e-08
7.870561081303646422e-08
7.793792094627657545e-08
8.258373806463521417e-08
8.221369221335464770e-08
8.707336422575284746e-08
8.695828951914702905e-08
9.183102393025365732e-08
9.174552018083647748e-08
9.643260632095636197e-08
9.625008583727201311e-08
1.007390822882097160e-07
1.005726700909832936e-07
1.050892917979392541e-07
1.052229770256425572e-07
1.100379319793287173e-07
1.106434954365579512e-07
1.157717605724402866e-07
1.166865036543858135e-07
1.218351657345136680e-07
1.227305274092213306e-07
1.276652146192754566e-07
1.285022313920952693e-07
1.334191533683664340e-07
1.345609775194869268e-07
1.398428367287861462e-07
1.415070307969814271e-07
1.470902738974941541e-07
1.489441129975230902e-07
1.543998840127194262e-07
1.561620296217631767e-07
1.615481044892414576e-07
1.636046641366446656e-07
1.694104472130018530e-07
1.720216691828007682e-07
1.780830338017655820e-07
1.807612946681460681e-07
1.866471767824757424e-07
1.893856397552061187e-07
1.955569716742457528e-07
1.988972150419806435e-07
2.054792097502412486e-07
2.089912170319234424e-07
2.154312045304470684e-07
2.190400016233536332e-07
2.258625370525245166e-07
2.301111261511009589e-07
2.372313446855483053e-07
2.415065729327702070e-07
2.486014362468112764e-07
2.533400979111123118e-07
2.610169236465776761e-07
2.661087737404023927e-07
2.737258322751943588e-07
2.790508404290243885e-07
2.872404470680210372e-07
2.931045766369595916e-07
3.013262918782399749e-07
3.073933742219601781e-07
3.161965194890612707e-07
3.228063951891533253e-07
3.316607533702663429e-07
3.386222296792847258e-07
3.481225302161413566e-07
3.554521422452262666e-07
3.650840611744472278e-07
3.730677115265033978e-07
3.831837315520106328e-07
3.913851107303546971e-07
4.020475165009994139e-07
4.108505021475917034e-07
4.217303845735925752e-07
4.311855195107899668e-07
4.425656364351775997e-07
4.523958207464937682e-07
4.644392441436868631e-07
4.747312115518467451e-07
4.872891046031965637e-07
4.982427243385368623e-07
5.112381255193387617e-07
5.229030625567584558e-07
5.363992394518669356e-07
5.487449909233217883e-07
5.628296919088417442e-07
5.758420818814935612e-07
5.905740985133597393e-07
6.042708595815893814e-07
6.196871973532684401e-07
6.341024255738266018e-07
6.502338350090428788e-07
6.654063802724787183e-07
6.822848399750096427e-07
6.982543751927323257e-07
7.159149300766689220e-07
7.327215488149522259e-07
7.512022435759868381e-07
7.688869304439531343e-07
7.882284578518662488e-07
8.068335642845152340e-07
8.270790283753215030e-07
8.466486100750367575e-07
8.678434229761903771e-07
8.884234710071598125e-07
9.106153365601388179e-07
9.322539466008182245e-07
9.554928930535256537e-07
9.782404015187519106e-07
1.002578840997011826e-06
1.026487943543749020e-06
1.051980746059790660e-06
1.077106606240854095e-06
1.103811181370238238e-06
1.130211533043629406e-06
1.158187915056800630e-06
1.185923159875913163e-06
1.215234093353580491e-06
1.244367393344749276e-06
1.275078416783047580e-06
1.305675781124405606e-06
1.337855306112084279e-06
1.369985670535487787e-06
1.403705053889047279e-06
1.437440350495399116e-06
1.472773956376165931e-06
1.508189170991971840e-06
1.545214419503318141e-06
1.582387632991393312e-06
1.621185031083725026e-06
1.660197440198641543e-06
1.700850589882510187e-06
1.741786502302131727e-06
1.784382080181787904e-06
1.827328877226508145e-06
1.871956578172020179e-06
1.917004637412931327e-06
1.963757073787575231e-06
2.010999642203171936e-06
2.059972188409988602e-06
2.109505194952259723e-06
2.160795765132221753e-06
2.212717559473972813e-06
2.266426303937680119e-06
2.320837305744771493e-06
2.377066209126672721e-06
2.434068449419658579e-06
2.492920810565147355e-06
2.552617343545600861e-06
2.614197113755792152e-06
2.676691273881032142e-06
2.741102226330776242e-06
2.806496701389463567e-06
2.873841400296175823e-06
2.942237086799237451e-06
3.012615620285673806e-06
3.084110222666982818e-06
3.157618658288120987e-06
3.232304988306934506e-06
3.309033505010819880e-06
3.386997432503126066e-06
3.467028077567776458e-06
3.548346078547505627e-06
3.631750093056308440e-06
3.716486336461150887e-06
3.803320988579325197e-06
3.891523899203639754e-06
3.981828761477523479e-06
4.073526994516849687e-06
4.167319600463946893e-06
4.262517363567140060e-06
4.359788181032181711e-06
4.458459844060889160e-06
4.559166509617073524e-06
4.661250452068860388e-06
4.765311223964025650e-06
4.870702887275420177e-06
4.977989296357901651e-06
5.086533435606708286e-06
5.196862147100470147e-06
5.308344317029172869e-06
5.421468264291995725e-06
5.535605631643920993e-06
5.651204549914569932e-06
5.767636201786505646e-06
5.885306779533507439e-06
6.003583799996494233e-06
6.122829781977840657e-06
6.242405500595396174e-06
6.362628223806037682e-06
6.482849203052640424e-06
6.603339226766819502e-06
6.723437752033365914e-06
6.843368456017350958e-06
6.962457519886578795e-06
7.080881786190391872e-06
7.197953810636717525e-06
7.313805163196863539e-06
7.427735963959282771e-06
7.539835796002957038e-06
7.649395535934757167e-06
7.756468274154659835e-06
7.860341335129067134e-06
7.961039521059319615e-06
8.057855286366989066e-06
8.150796528028108855e-06
8.239172926614696970e-06
8.322990393340403868e-06
8.401591608551301773e-06
8.474999093551722698e-06
8.542607958359881031e-06
8.604479387423779298e-06
8.660083544345163298e-06
8.709545038415046468e-06
8.752433820817663473e-06
8.788963932356709367e-06
8.818830066469297510e-06
8.842360595955016655e-06
8.859397288316281835e-06
8.870403294392945471e-06
8.875383314886671555e-06
8.874946951776764890e-06
8.869266499649833157e-06
8.859095883659179687e-06
8.844763271811674263e-06
8.827145850835993389e-06
8.806694737439569196e-06
8.784366195217725159e-06
8.760676985846632813e-06
8.736593421582859555e-06
8.712616439523723270e-06
8.689631181373506927e-06
8.668022711848302403e-06
8.648490566628925513e-06
8.631198023767379423e-06
8.616558000762470170e-06
8.604420727970369051e-06
8.594838956971435543e-06
8.587300069764374462e-06
8.581478925336351294e-06
8.576519889404523884e-06
8.571783750890855423e-06
8.566181854130814778e-06
8.558918489429803958e-06
8.548872689397421016e-06
8.535329275124973612e-06
8.517394589456517441e-06
8.494699529184517283e-06
8.466826182961357283e-06
8.433958521279482590e-06
8.396292517874777767e-06
8.354610488475140964e-06
8.309653924921379966e-06
8.262611422549762948e-06
8.214455227145309543e-06
8.166361453202791653e-06
8.119045115367033743e-06
8.073166253314872145e-06
8.028729064047941504e-06
7.985547637590342934e-06
7.942777291708721251e-06
7.899492305099078146e-06
7.854369071689808239e-06
7.806353452161750729e-06
7.754421585345149496e-06
7.698215742744541089e-06
7.637725636825017694e-06
7.573728617437247675e-06
7.507254359972031535e-06
7.439762952995017839e-06
7.372429827166447707e-06
7.306221340252816825e-06
7.241266447266227080e-06
7.177155029135679326e-06
7.112693267089688857e-06
7.046593798407110461e-06
6.977564968842658752e-06
6.905088929893381041e-06
6.829331985861878334e-06
6.751434668836866261e-06
6.672815542179978971e-06
6.594910257961182916e-06
6.518284632443753011e-06
6.442646302957824415e-06
6.366703566369054776e-06
6.289063022844190694e-06
6.208727525993253868e-06
6.125942353169761371e-06
6.041897837389857297e-06
5.958326822689687555e-06
5.876245088044237814e-06
5.795510321347155917e-06
5.714686462541141310e-06
5.632261160147568369e-06
5.547610372911265973e-06
5.461768369250954564e-06
5.376523595569407988e-06
5.293184434954702334e-06
5.211298630142220946e-06
5.129241187101257245e-06
5.045608070149398263e-06
4.960794141310197686e-06
4.876477583920889478e-06
4.794017378357058594e-06
4.712896364571521248e-06
4.631631009821885370e-06
4.549620929015537582e-06
4.468080517690624919e-06
4.388195026129782529e-06
4.309449111224645569e-06
4.230281438848138088e-06
4.150757363780787085e-06
4.072663162331831063e-06
3.996903895483043465e-06
3.921991781893699842e-06
3.846731493861498310e-06
3.772128719640129428e-06
3.699271612293192231e-06
3.627099288617328549e-06
3.555021730023160529e-06
3.484583871137462964e-06
3.416380953020974931e-06
3.348728417084336819e-06
3.281517710351975565e-06
3.215963845028213216e-06
3.151227302376705345e-06
3.086682565580108080e-06
3.023978979608803507e-06
2.963023814368200177e-06
2.902944096762909508e-06
2.844492610997447914e-06
2.787028279623580090e-06
2.730038890470821520e-06
2.674429415663060616e-06
2.619499883310130284e-06
2.565934274375020761e-06
2.514345852706189262e-06
2.463868482267239370e-06
2.414759694553414753e-06
2.366340814386524150e-06
2.318846219751299362e-06
2.272163288164636789e-06
2.226295711546575938e-06
2.182055974200540979e-06
2.139291860235510852e-06
2.098019457084256304e-06
2.057564186428515557e-06
2.017916938780316837e-06
1.978911897129606711e-06
1.940582839016883701e-06
1.903039185557792353e-06
1.867028757088319385e-06
1.832388248899785692e-06
1.798938665385865239e-06
1.766188574224706595e-06
1.733966239599096104e-06
1.702266792801484828e-06
1.671005585166974551e-06
1.640522688493324838e-06
1.611435911722749999e-06
1.583526345245013302e-06
1.556499972335556707e-06
1.529981868711521274e-06
1.503833717698898661e-06
1.478077390333512890e-06
1.452605702673064035e-06
1.427927998302045218e-06
1.404464927723438767e-06
1.381958014169196542e-06
1.360007635952915835e-06
1.338399934949406983e-06
1.317085553970691776e-06
1.296001793729547152e-06
1.275024130971145870e-06
1.254777172917749215e-06
1.235545269808186600e-06
1.217054591910428374e-06
1.198850787603611945e-06
1.180834989420804445e-06
1.163093583714829999e-06
1.145471269274849218e-06
1.127894801153215682e-06
1.111030709936081674e-06
1.094968978995334668e-06
1.079447150189010035e-06
1.064059161512695796e-06
1.048775753428868290e-06
1.033745702789360514e-06
1.018681351170431384e-06
1.003653640247679408e-06
9.893029267022407358e-07
9.754478100447309758e-07
9.619300592003136973e-07
9.485058198697533771e-07
9.351021143165261484e-07
9.219338422717891141e-07
9.086631264290554824e-07
8.954488891563070474e-07
8.828139670699245741e-07
8.704687601341821291e-07
8.583104442567615044e-07
8.462389817368260153e-07
8.342412800937489933e-07
8.225031496487980690e-07
8.106411507457870999e-07
7.989781618176940266e-07
7.877220355761074331e-07
7.766855641295571343e-07
7.656822787106175660e-07
7.547651356443621125e-07
7.439425886675038849e-07
7.332770527564830198e-07
7.223922130899790190e-07
7.116333476469811742e-07
7.009966024083720531e-07
6.903832767019869103e-07
6.796229503289812978e-07
6.688333835348985838e-07
6.580927911956214105e-07
6.473555391416503904e-07
6.363527010403299994e-07
6.254182074314079145e-07
6.144487896756844826e-07
6.034724753640265123e-07
5.924171231776075621e-07
5.814265184412544099e-07
5.706556360968237021e-07
5.600181023842607897e-07
5.494051379231739921e-07
5.390796381667984600e-07
5.288591587095293262e-07
5.188445015104379107e-07
5.090261472560918340e-07
4.994414348605251147e-07
4.902105679315851382e-07
4.811781103600576630e-07
4.722775621614026987e-07
4.636217221660506628e-07
4.550493683318326468e-07
4.466692368210817604e-07
4.385065449618428475e-07
4.305562324185468275e-07
4.229020812128191323e-07
4.153796718514353767e-07
4.079699883809404444e-07
4.006247897249863038e-07
3.932918834966192795e-07
3.860006757860630415e-07
3.787870675844371897e-07
3.716413292688036440e-07
3.646443715123879531e-07
3.577210676472897229e-07
3.508822775346292272e-07
3.440434478654871607e-07
3.372336614495361100e-07
3.304750968077548950e-07
3.237789093889762877e-07
3.171003964038747931e-07
3.104623489076494136e-07
3.038258079819630442e-07
2.971762036054167019e-07
2.904814997046577492e-07
2.838218436256676345e-07
2.772513452847441870e-07
2.707694407117290313e-07
2.643431940564976161e-07
2.579898988965676424e-07
2.516786654744725090e-07
2.453533304112020632e-07
2.390163689332462759e-07
2.326980588404783769e-07
2.264228619204247132e-07
2.202115598288249965e-07
2.140801805754002407e-07
2.081020311975976984e-07
2.022682557070699579e-07
1.964704066579124092e-07
1.906987808605167607e-07
1.849640507513085202e-07
1.793065536892130524e-07
1.737391444789579409e-07
1.682490578784237848e-07
1.628891094425419936e-07
1.576437481324620210e-07
1.524918698411064839e-07
1.474617791043210207e-07
1.425575998657739214e-07
1.377582553140773356e-07
1.330435805953319671e-07
1.283846570072446672e-07
1.238121178263186752e-07
1.193231300066084560e-07
1.149826990202473015e-07
1.108302934357571432e-07
1.068279152003133309e-07
1.029168325551087929e-07
9.905626072258093796e-08
9.524419652066060316e-08
9.155839737681896740e-08
8.798870978400730138e-08
8.453453043575284194e-08
8.120712282169453866e-08
7.802243679764219351e-08
7.492842029452776446e-08
7.188726856629334628e-08
6.893108510201742995e-08
6.610163307269804271e-08
6.337719125955555528e-08
6.073662816264403429e-08
5.817528930584634486e-08
5.571072771131087689e-08
5.333382957677507617e-08
5.104174427055286412e-08
4.884693467720507742e-08
4.673898681619219442e-08
4.469624406551484562e-08
4.275596243437461244e-08
4.085948040953814990e-08
3.900719767177731050e-08
3.725789710924970612e-08
3.558877196332691647e-08
3.397940920824529744e-08
3.243442250784285190e-08
3.095541711610077998e-08
2.956131388311194472e-08
2.819977399563361313e-08
2.687819026093723630e-08
2.562733497062239206e-08
2.442296989542938876e-08
2.326128440379158447e-08
2.214482488890364625e-08
2.110870935480173030e-08
2.012084618712144894e-08
1.918634359546566146e-08
1.827389453302319064e-08
1.739044837766758215e-08
1.652812987514934791e-08
1.569515126166965099e-08
1.491737847894941846e-08
1.419751358516073842e-08
1.352468189550695991e-08
1.290006396179631294e-08
1.228056330956044501e-08
1.166332846539154447e-08
1.105236228864422465e-08
1.046633242081961089e-08
9.932568827129565523e-09
9.445197737739914966e-09
9.001652072359713591e-09
8.586314581861748256e-09
8.167049272597630943e-09
7.741206571639930037e-09
7.314557221831175674e-09
6.912406661328958017e-09
6.548801420104579293e-09
6.232889812288601703e-09
5.943396866150265328e-09
5.663942871493421605e-09
5.381092533267595418e-09
5.091752928731065590e-09
4.797716289793360428e-09
4.524872431811435563e-09
4.285936311468226242e-09
4.086134987669775481e-09
3.894774331716072040e-09
3.704595593535421438e-09
3.515199885480865965e-09
3.321536296369500722e-09
3.121025261380784373e-09
2.936400959148494538e-09
2.786470655207854685e-09
2.659068851328230013e-09
2.529670232184587724e-09
2.398521157595502905e-09
2.273988821692208500e-09
2.146463924484164028e-09
2.007654546124118260e-09
1.884856024723578178e-09
1.790880363555655585e-09
1.709397044867282055e-09
1.621221445394631158e-09
1.530342555406693914e-09
1.448916077405827087e-09
1.363243735748211882e-09
1.265817744795132657e-09
1.188083429619256698e-09
1.126136800578404611e-09
1.071157403273640530e-09
1.010457589703964322e-09
9.469871770322377844e-10
8.937803456305250139e-10
8.330514226244988623e-10
7.645877124292693763e-10
7.172401137811174093e-10
6.736752972364997385e-10
6.341672222041137485e-10
5.929789259227284748e-10
5.479804916225389820e-10
5.127139526928304411e-10
4.690983092735082394e-10
4.237926539354636125e-10
3.941162313872350723e-10
3.654477415738450439e-10
3.379674107036890754e-10
3.106712263754636342e-10
2.816849197887293862e-10
2.607544116446367386e-10
2.308539747014703975e-10
2.061958560781390301e-10
1.886474191362055813e-10
1.742473073406188581e-10
1.580735511714680702e-10
1.437894550018731544e-10
1.301678159513786151e-10
1.216771719848818358e-10
1.062154180927536239e-10
9.734899241294715227e-11
9.130250695336181583e-11
8.832924447622379870e-11
8.315834744463742799e-11
7.873336523120805093e-11
7.583031904614677279e-11
7.437875652054911362e-11
6.793212487625115382e-11
6.646302163297411581e-11
6.449007205091490987e-11
6.380002537510696608e-11
6.094171704468689540e-11
5.727813031514640543e-11
5.479296190193456169e-11
5.111643927157920813e-11
4.454857597720890191e-11
4.151821785841265255e-11
3.704620985261485225e-11
3.350421327669084496e-11
2.970631691443152612e-11
2.542838741558980775e-11
2.324149445580626213e-11
2.047658918494821327e-11
1.755634284360015441e-11
1.732077886707477547e-11
1.682799494245937559e-11
1.694277329209572056e-11
1.711053606617833169e-11
1.666593040440248027e-11
1.714415191717476165e-11
1.588227265655102110e-11
1.468040250674998218e-11
1.347136992028677469e-11
1.205193872774355949e-11
1.019507702430734621e-11
8.653760720507153244e-12
7.225389215921662616e-12
6.865429196237428531e-12
6.042159102573669947e-12
6.187857644935222492e-12
6.516670890539081812e-12
6.976450423867736021e-12
6.873893819960923238e-12
6.425110727669432893e-12
5.650960901075290469e-12
4.867298560267868514e-12
3.620765909052866356e-12
3.082070050280410231e-12
2.843321127099381859e-12
3.093603810426238257e-12
3.365117711776372056e-12
3.506450399044352035e-12
3.474655800324670065e-12
3.045298905246381857e-12
2.235297333329097317e-12
1.795447524594172765e-12
1.538666398218114715e-12
1.686916997979385303e-12
1.986151279541650403e-12
2.048549060885503038e-12
1.933136411615553618e-12
1.478616739379690544e-12
1.000006556999371036e-12
9.311743342661196634e-13
1.097832851822365331e-12
1.314823786721952634e-12
1.306888750233595909e-12
9.477834664295746184e-13
6.854526080816476413e-13
5.793160857210674775e-13
7.857472642227306453e-13
9.156495050236271521e-13
7.847280976686588370e-13
4.694518789849189285e-13
3.975005488317387896e-13
5.345566665560225664e-13
6.834684150080231356e-13
4.810745093753723594e-13
2.870400911392463411e-13
3.138785773929215891e-13
4.925325238959463916e-13
4.112906253475493095e-13
2.213825008361257056e-13
2.186519857311236299e-13
3.852285429748683874e-13
2.867700476107133146e-13
1.461212598210612170e-13
2.090361410949773310e-13
3.037409130248987546e-13
1.444359647487988963e-13
1.244550214151877567e-13
2.349585905935873162e-13
1.580166560307616761e-13
7.015386795387329025e-14
2.029305572282985867e-13
1.137212341259860712e-13
7.001203041115393485e-14
1.633615859627307044e-13
7.542329532892141293e-14
7.132243022678609740e-14
1.407694736529958865e-13
1.745317164968805212e-14
1.253824350713727662e-13
4.149402198858059799e-14
6.969018513603448360e-14
7.288978922827252796e-14
3.266470237776856377e-14
7.982214803881081974e-14
2.064115951322885385e-14
7.053013340534852574e-14
1.989211157616443780e-14
5.750470701928598238e-14
2.106088728241384045e-14
4.623036271341668437e-14
2.121693505949060696e-14
3.760553539738893916e-14
2.024269009218300292e-14
3.110004879297570993e-14
1.862320945104028512e-14
2.607515614455947618e-14
1.675931363555118096e-14
2.207560820948198593e-14
1.488318297238175571e-14
1.881233494062462958e-14
1.310949629173313649e-14
1.610222439608233607e-14
1.148695358228676692e-14
1.382426675541672119e-14
1.003014961076812882e-14
1.189395559665558288e-14
8.736842832157985481e-15
1.024914188904549919e-14
7.596923679621386725e-15
8.842156365389977289e-15
6.597024039098073359e-15
7.635257706515508061e-15
5.722877873458796145e-15
6.597867131176620540e-15
4.960513856347238657e-15
5.704794837914400142e-15
4.296832636471024002e-15
4.935041456718854109e-15
3.719855751735186768e-15
4.270949012241242865e-15
3.218798581674582906e-15
3.697574745374135214e-15
2.784050052401826988e-15
3.202213705093355127e-15
2.407104827782427513e-15
2.774024943913331440e-15
2.080473578551972255e-15
2.403732621988776357e-15
1.797585690806816242e-15
2.083383062098006920e-15
1.552692384123728136e-15
1.806144751810865048e-15
1.340774519670411613e-15
1.566142065232400067e-15
1.157457227240847344e-15
1.358315949872908484e-15
9.989322232172611653e-16
1.178306499632283188e-15
8.618879669685229709e-16
1.022353504115318229e-15
7.434473925786610258e-16
8.872119042241850066e-16
6.411127349315128508e-16
7.700797017110030521e-16
5.527168670277590767e-16
6.685363395878899725e-16
4.763805301763788119e-16
5.804899269359119985e-16
4.104748462143014873e-16
5.041319660461021461e-16
3.535885307074669876e-16
4.378984627311162839e-16
3.044992666285370272e-16
3.804364833035080480e-16
2.621487461996347898e-16
3.305753670764848230e-16
2.256209357184004262e-16
2.873019279834531123e-16
1.941231655238163457e-16
2.497390769946436344e-16
1.669696910089254246e-16
2.171273834855129765e-16
1.435674116936479100e-16
1.888091628524788378e-16
1.234034722295828051e-16
1.642147387704776900e-16
1.060345029408422923e-16
1.428505777991114907e-16
9.107728703592096940e-17
1.242890381009264992e-16
7.820066868955913803e-17
1.081595096210215263e-16
6.711853932072485190e-17
9.414075491446527831e-17
5.758376035611436106e-17
8.195428619446475714e-17
4.938289882117060213e-17
7.135863720491533831e-17
4.233166844302238741e-17
6.214440781833942472e-17
3.627098234627909800e-17
5.412997640265342492e-17
3.106353632030523524e-17
4.715778916883409509e-17
2.659085180843461508e-17
4.109114853193833134e-17
2.275071731236632461e-17
3.581143258286740131e-17
1.945497492187489059e-17
3.121568776449396063e-17
1.662760580510705018e-17
2.721454407493938204e-17
1.420307451337141620e-17
2.373040950755182291e-17
1.212489742318761657e-17
2.069590599810889504e-17
1.034440509952100091e-17
1.805251445285078970e-17
8.819672577199818384e-18
1.574940064013858304e-17
7.514594864249252647e-18
1.374239780886056919e-17
6.398088114984517649e-18
1.199312488947037347e-17
5.443399527452691639e-18
1.046822211341572289e-17
4.627511212355078938e-18
9.138688338133053830e-18
3.930625390854102230e-18
7.979306531468924424e-18
3.335719835360381637e-18
6.968145466126501522e-18
2.828164120647224691e-18
6.086127603207769984e-18
2.395388357171161982e-18
5.316654192511041218e-18
2.026597312007387881e-18
4.645280122236239030e-18
1.712523772602331046e-18
4.059431672239084406e-18
1.445215770164453620e-18
3.548161654947078744e-18
1.217853069413787075e-18
3.101936828334947732e-18
1.024588953881361172e-18
2.712453393195109374e-18
8.604138242498190990e-19
2.372476757874597601e-18
7.210376518740682994e-19
2.075702415125486841e-18
6.027886797415931683e-19
1.816635076904949445e-18
5.025261971459215643e-19
1.590483705813197241e-18
4.175654088303799429e-19
1.393070292348191953e-18
3.456127651804781487e-19
1.220750594482763846e-18
2.847102998849365510e-19
1.070345204567556490e-18
2.331877647951837292e-19
9.390796763404308891e-19
1.896214466627309190e-19
8.245324237084836337e-19
1.527987863424226355e-19
7.245894169379177974e-19
1.216879622667319363e-19
6.374047766361614325e-19
9.541177473691670747e-20
5.613665021025857118e-19
7.322523828609852606e-20
4.950666203134253064e-19
5.449635260563203819e-20
4.372752382036921128e-19
3.868961425364632924e-20
3.869179422494363562e-19
2.535190612678887678e-20
3.430561275957479365e-19
1.410041628120931612e-20
3.048698861618747438e-19
4.612312009646217309e-21
2.716431062377602047e-19
-3.384074365526361274e-21
2.427505112925407432e-19
-1.011674729749719909e-20
2.176463895600997526e-19
-1.577643110409695577e-20
1.958548022153796730e-19
-2.052198390848708320e-20
