# bin_2_2
1.996657346541570044e-07
-1.885607796031502009e-07
1.875856738510388321e-07
-1.775208848809369709e-07
1.762566636240442808e-07
-1.671163631067924240e-07
1.656295755210558661e-07
-1.573116781979188527e-07
1.556588515317238142e-07
-1.480730491960365618e-07
1.463022170516258658e-07
-1.393683861263307074e-07
1.375204223515530032e-07
-1.311672219122811461e-07
1.292770096089855669e-07
-1.234406416716278505e-07
1.215381027623764897e-07
-1.161612096303643885e-07
1.142722184109834854e-07
-1.093028947941819646e-07
1.074500953246777208e-07
-1.028409957328136869e-07
1.010445411541936843e-07
-9.675206499269165674e-08
9.503029464131490803e-08
-9.101383322877645216e-08
8.938390184746162508e-08
-8.560513372003697715e-08
8.408360531346376933e-08
-8.050582743139936010e-08
7.910924470436792468e-08
-7.569672895202584300e-08
7.444216763774176945e-08
-7.115953394197433911e-08
7.006514936581217898e-08
-6.687674865308979489e-08
6.596232000248692984e-08
-6.283162238736590982e-08
6.211909729967112109e-08
-5.900808415185708093e-08
5.852212308601369675e-08
-5.539068516353280473e-08
5.515920100043221743e-08
-5.196454914257369835e-08
5.201923248697154847e-08
-4.871533321251096462e-08
4.909214765214980805e-08
-4.562920276592270279e-08
4.636882669351148858e-08
-4.269282417065352851e-08
4.384100726534113826e-08
-3.989338013838786637e-08
4.150117232509415427e-08
-3.721861287656159380e-08
3.934241277212241366e-08
-3.465690045669810769e-08
3.735825921145447219e-08
-3.219737139260248705e-08
3.554247791020063253e-08
-2.983006134730893196e-08
3.388882784645971211e-08
-2.754611343856671410e-08
3.239077893565960996e-08
-2.533801936328238356e-08
3.104119675069974071e-08
-2.319989230160596094e-08
2.983200666995456928e-08
-2.112775360321473475e-08
2.875386088651605696e-08
-1.911980337752894583e-08
2.779584474163101887e-08
-1.717663075591612095e-08
2.694527427900841971e-08
-1.530130380399876650e-08
2.618765282612468429e-08
-1.349926375977762673e-08
2.550686764182822618e-08
-1.177793832203820563e-08
2.488571340357445911e-08
-1.014598909441825652e-08
2.430682028869898684e-08
-8.612128144668655460e-09
2.375403154310679769e-08
-7.183487084592729061e-09
2.321420924191909721e-08
-5.863607753801317900e-09
2.267934036492408783e-08
-4.650251329565111938e-09
2.214866834009956922e-08
-3.533385129445477096e-09
2.163040294437222148e-08
-2.493879061585156012e-09
2.114240206102426775e-08
-1.503573184579883891e-09
2.071113945687322726e-08
-5.273822822305455808e-10
2.036837016179392348e-08
4.721229053990305159e-10
2.014528524591576777e-08
1.527771518859794533e-09
2.006468261440726884e-08
2.659507348785813460e-09
2.013273083301083196e-08
3.866916801650081325e-09
2.033302336654631960e-08
5.125702087595444891e-09
2.062629010422242321e-08
6.391400753522569634e-09
2.095860002976210483e-08
7.612231848107409990e-09
2.127844693265567333e-08
8.749451268305260662e-09
2.155867154166042631e-08
9.798532280814977111e-09
2.181402417512468424e-08
1.080003961534733221e-08
2.210241039928534584e-08
1.182907230713283414e-08
2.250164237080329088e-08
1.296038398670650435e-08
2.306626179816359315e-08
1.422267271919163007e-08
2.378699991440016707e-08
1.557192102149586321e-08
2.458603426127810912e-08
1.691396381967124517e-08
2.536743615457138123e-08
1.817699309294942748e-08
2.609897620558683410e-08
1.938434139569546429e-08
2.685536224548282467e-08
2.065084408566606413e-08
2.775978130732960756e-08
2.207642906170670396e-08
2.885334506117736934e-08
2.362906935067313390e-08
3.003354275922708571e-08
2.517062223435616543e-08
3.117371638808236622e-08
2.664055593839693905e-08
3.230817628335140411e-08
2.816451082445918210e-08
3.360303992611812628e-08
2.987745919896641889e-08
3.509232623597989720e-08
3.169158525328964548e-08
3.660527194306348082e-08
3.344862434084751037e-08
3.809121318697477920e-08
3.524821747057713322e-08
3.974535653583016107e-08
3.725858499137425955e-08
4.158891240276821740e-08
3.933464593440596791e-08
4.341606185444689368e-08
4.137883656361030025e-08
4.532778115068397863e-08
4.361570021770124687e-08
4.747289002029116626e-08
4.597767585957071120e-08
4.963140129633181139e-08
4.832474686604518016e-08
5.190337079819322317e-08
5.089594908188414563e-08
5.439105018283911903e-08
5.353571206046212955e-08
5.688483861417618924e-08
5.626969297196759518e-08
5.961786914361819440e-08
5.920945159165447821e-08
6.242188873612301438e-08
6.218495871676159987e-08
6.541111810239493484e-08
6.540630455330524214e-08
6.853304072712149242e-08
6.867780983049617408e-08
7.183505455934484240e-08
7.219854047090499823e-08
7.527451513890892166e-08
7.580748624790225883e-08
7.894143867527415319e-08
7.964158821865157002e-08
8.272445796848767498e-08
8.365000448430103947e-08
8.676616359018657081e-08
8.781428026228705220e-08
9.098283717389031119e-08
9.223438039068405313e-08
9.538670878725053179e-08
9.684830961062643943e-08
1.000522104418817979e-07
1.016575778333133398e-07
1.049537942715196225e-07
1.067182533337385592e-07
1.100775441830970523e-07
1.120419642652451846e-07
1.154509107750269382e-07
1.176228312708139459e-07
1.210991242455684216e-07
1.234683999754571138e-07
1.270349796312028400e-07
1.295953358420168324e-07
1.332684620149796000e-07
1.360209631433788244e-07
1.398118318666406521e-07
1.427613942413336265e-07
1.466796216947339506e-07
1.498324070515829121e-07
1.538877137001292166e-07
1.572502398717046632e-07
1.614528722071510613e-07
1.650319131602674683e-07
1.693926391035114240e-07
1.731953206808416745e-07
1.777253606948639751e-07
1.817592581695104199e-07
1.864702415361480085e-07
1.907434468245452078e-07
1.956473973143655472e-07
2.001685629798225108e-07
2.052779034807836159e-07
2.100562734533636873e-07
2.153838411644228830e-07
2.204292745794980501e-07
2.259883418267728104e-07
2.313113334330919324e-07
2.371156314118241652e-07
2.427273302794590454e-07
2.487910742259978380e-07
2.547033015527398542e-07
2.610412164499399616e-07
2.672664827630879395e-07
2.738938289599830326e-07
2.804453507214844731e-07
2.873779489590829033e-07
2.942696643884439621e-07
3.015239197454475361e-07
3.087705035258650558e-07
3.163634277609205594e-07
3.239803041648588275e-07
3.319295358555703932e-07
3.399328896853089979e-07
3.482567114585467422e-07
3.566634960501944262e-07
3.653808480562414119e-07
3.742087894249166339e-07
3.833392780387548989e-07
3.926068740440062824e-07
4.021707745689345698e-07
4.118972877471702323e-07
4.219155396485975589e-07
4.321209820896775449e-07
4.426151749946402363e-07
4.533202833162772383e-07
4.643126316711652118e-07
4.755388297747909059e-07
4.870521336492908479e-07
4.988214805052605375e-07
5.108790695639631559e-07
5.232141887695683261e-07
5.358398458906816463e-07
5.487638331656090555e-07
5.619816935656502506e-07
5.755179976866146425e-07
5.893524187037002585e-07
6.035246906288428848e-07
6.180000865209027593e-07
6.328319906162606226e-07
6.479726258452830742e-07
6.634876061952053256e-07
6.793173396985054086e-07
6.955383334744654867e-07
7.120803053801705707e-07
7.290293941716226752e-07
7.463056453232282974e-07
7.640036342304302964e-07
7.820346477813385453e-07
8.005005609814088162e-07
8.193047142643328156e-07
8.385551947603677085e-07
8.581481087128811500e-07
8.781967091624155389e-07
8.985904819216284384e-07
9.194468329595290742e-07
9.406491439907559199e-07
9.623179865040755575e-07
9.843310580254292527e-07
1.006811126662388614e-06
1.029630530460834051e-06
1.052913277594144589e-06
1.076526577976060989e-06
1.100594730816028619e-06
1.124979958866910441e-06
1.149805907953248258e-06
1.174929869075085025e-06
1.200473894601934586e-06
1.226290321136329904e-06
1.252498675216011014e-06
1.278946249630789776e-06
1.305749128505755077e-06
1.332749420977109554e-06
1.360058882212073583e-06
1.387514270336978234e-06
1.415222177001667701e-06
1.443013845597409929e-06
1.470989953049257143e-06
1.498976109049768493e-06
1.527066450438000752e-06
1.555080931778911502e-06
1.583106705434723571e-06
1.610958212663098412e-06
1.638715426642191929e-06
1.666187659577326273e-06
1.693447842667125764e-06
1.720300877595593941e-06
1.746813216660811935e-06
1.772786505394431753e-06
1.798281807482927547e-06
1.823099207766829034e-06
1.847296099521757276e-06
1.870673342141685538e-06
1.893287091842158925e-06
1.914942034058894929e-06
1.935696291438910180e-06
1.955362175341265825e-06
1.974003745704938088e-06
1.991445447005934216e-06
2.007761921999966765e-06
2.022794813470802576e-06
2.036634447369514978e-06
2.049144992133168132e-06
2.060437627241798698e-06
2.070404158207335195e-06
2.079181277392480433e-06
2.086692639516961092e-06
2.093103809832234086e-06
2.098372721152503345e-06
2.102694902262902653e-06
2.106062177559875606e-06
2.108697793756049926e-06
2.110623207449471862e-06
2.112082803846097453e-06
2.113118670315759806e-06
2.113984752216189662e-06
2.114729655389503393e-06
2.115600331749153368e-06
2.116633204414877105e-06
2.118047823474034612e-06
2.119846953413215261e-06
2.122201058221410188e-06
2.125058378929912359e-06
2.128521516402514872e-06
2.132468845136901994e-06
2.136924717478311893e-06
2.141693633040328780e-06
2.146725489621300521e-06
2.151763541671379145e-06
2.156705461388893412e-06
2.161265094457159955e-06
2.165328752164025336e-06
2.168629092135932217e-06
2.171094167858116343e-06
2.172529742277168718e-06
2.172956712664699240e-06
2.172296582592222599e-06
2.170691962794470411e-06
2.168189963102544310e-06
2.165041796549310203e-06
2.161381667166828070e-06
2.157505918289929389e-06
2.153550840390285664e-06
2.149758686321319407e-06
2.146164957374137977e-06
2.142864931290247492e-06
2.139725139852048923e-06
2.136664638543524167e-06
2.133401137703477354e-06
2.129751452819030457e-06
2.125407598586699747e-06
2.120241797932264730e-06
2.114087738898165362e-06
2.107018555369826420e-06
2.099099567686065943e-06
2.090611562530085665e-06
2.081761050195678241e-06
2.072856413115665584e-06
2.064007612468979416e-06
2.055309476951529818e-06
2.046596573806051143e-06
2.037694262165411697e-06
2.028262880328391865e-06
2.018106822723545890e-06
2.007046101614234684e-06
1.995179538539681187e-06
1.982666337228292590e-06
1.969856683967504402e-06
1.956970270559523714e-06
1.944179262308285588e-06
1.931351326671461743e-06
1.918276165173571617e-06
1.904598033565716265e-06
1.890164636359046005e-06
1.874957921318316654e-06
1.859272863116422410e-06
1.843401306028629160e-06
1.827605501074418651e-06
1.811800262814006771e-06
1.795746527941313138e-06
1.779078842058370048e-06
1.761717027711572941e-06
1.743812330322087220e-06
1.725773500563552055e-06
1.707812581212080940e-06
1.689886016758498100e-06
1.671615838083542091e-06
1.652766320318910963e-06
1.633372761565884373e-06
1.613823688447519130e-06
1.594349999203446014e-06
1.574890015564972290e-06
1.555097482483842286e-06
1.534895157411373854e-06
1.514493650140280207e-06
1.494184805242957070e-06
1.473831650128588508e-06
1.453161160863928763e-06
1.432146966117235635e-06
1.411190935518547829e-06
1.390444325196658413e-06
1.369654425053379748e-06
1.348556936439774586e-06
1.327405247491563993e-06
1.306391441436017912e-06
1.285336955388528414e-06
1.264092058954679704e-06
1.243015586836061540e-06
1.222209459755641937e-06
1.201374982234807416e-06
1.180467650211699296e-06
1.159779194464607327e-06
1.139123701635010572e-06
1.118414898509887365e-06
1.097961792756327797e-06
1.077778345193410430e-06
1.057670242225089581e-06
1.037838434516760737e-06
1.018141247214674843e-06
9.985106984363442613e-07
9.791134875365631654e-07
9.598445741211746472e-07
9.408212502795427479e-07
9.221962182683607682e-07
9.037821054783719384e-07
8.856737745410571125e-07
8.677167154565321624e-07
8.499910759423578615e-07
8.324649606324307152e-07
8.151650663308295313e-07
7.982337167732587614e-07
7.816709672703698443e-07
7.654670842336161817e-07
7.495142962638916976e-07
7.338003202947503818e-07
7.183149710744173081e-07
7.030538663438273299e-07
6.880684453123988969e-07
6.734879134331786619e-07
6.593065470314990511e-07
6.454733133456848092e-07
6.319105771505181522e-07
6.185649574495166098e-07
6.054534972129452921e-07
5.925547575182379908e-07
5.799590879289049119e-07
5.677798451238871840e-07
5.559913172436038208e-07
5.445163665721238592e-07
5.332833762311915936e-07
5.222404246103742175e-07
5.114052716973637569e-07
5.007565015586796436e-07
4.904231917101356427e-07
4.804838848656662749e-07
4.709018527727963951e-07
4.615696879644481773e-07
4.524365793325727942e-07
4.434643711902314790e-07
4.346552074026839430e-07
4.259942748510718757e-07
4.176404141284038346e-07
4.096522199314804593e-07
4.019776266316431307e-07
3.944851925661745137e-07
3.871325830983323717e-07
3.799054408264838692e-07
3.727882352142641786e-07
3.657857240207379559e-07
3.590752998500725286e-07
3.526837095664143332e-07
3.465487152875071098e-07
3.405378117009205623e-07
3.346177392714519493e-07
3.287898777518782174e-07
3.230147295553995901e-07
3.173359491073390629e-07
3.119356048776962423e-07
3.067841359311785397e-07
3.018251579909969482e-07
2.969520041615907376e-07
2.921243763470220299e-07
2.873631291508543661e-07
2.826191643647405501e-07
2.779630889720709059e-07
2.735590638609588686e-07
2.693400817894395023e-07
2.652458308582173129e-07
2.612003460113909197e-07
2.571837380512966704e-07
2.532170797206661456e-07
2.492384247962303208e-07
2.453603564666186872e-07
2.416818033477738940e-07
2.381387474476039147e-07
2.346509322216600448e-07
2.311954300313733043e-07
2.277765185880229384e-07
2.243911983665033387e-07
2.209724448629333679e-07
2.176547987391336628e-07
2.144905883179319894e-07
2.114224445970142535e-07
2.083664509292291492e-07
2.053293145574210793e-07
2.023447312534987036e-07
1.993791923919945757e-07
1.963785557412160476e-07
1.934797123399945750e-07
1.906855117001075823e-07
1.879559760647384482e-07
1.852263444327807617e-07
1.825151288115623354e-07
1.798687772222991839e-07
1.772197375810359552e-07
1.745465463153190546e-07
1.719676693124644841e-07
1.694263359501910737e-07
1.669108830159183735e-07
1.643896371527325458e-07
1.618604190083118874e-07
1.593769024513273448e-07
1.568577010024603012e-07
1.543040584374696492e-07
1.518007438537791326e-07
1.492803652309571894e-07
1.467512664779764309e-07
1.442136861233576922e-07
1.416711888379931921e-07
1.391763139668180691e-07
1.366502854161346850e-07
1.341348432656035018e-07
1.316552696827137631e-07
1.291882768483066470e-07
1.267321781951892500e-07
1.243156595936063739e-07
1.219435817283549612e-07
1.196494995541943065e-07
1.173672963288057326e-07
1.151442815501629230e-07
1.129658486754150708e-07
1.108342368134667860e-07
1.087400070340457401e-07
1.067072440877560963e-07
1.047365338032005872e-07
1.028327472342301405e-07
1.009439438501194812e-07
9.909756704803454624e-08
9.725987343134755918e-08
9.544645391556407548e-08
9.365505443574063926e-08
9.190350266106606332e-08
9.019926101035691640e-08
8.854037290684876974e-08
8.690005381235908209e-08
8.528928025169238615e-08
8.367438146792298757e-08
8.207244667469699879e-08
8.048178012659716212e-08
7.890391949028262840e-08
7.734520121097047958e-08
7.580328174492049913e-08
7.426612100678976345e-08
7.273401531895927867e-08
7.119611413446491966e-08
6.967346135339333831e-08
6.817006452709130658e-08
6.668181632702252864e-08
6.520715841844053629e-08
6.374030862657649527e-08
6.227245818982578485e-08
6.079535983625864984e-08
5.931679051786009543e-08
5.785070778286635900e-08
5.640094122463988838e-08
5.496648709295228759e-08
5.355384241524297367e-08
5.216834991022129055e-08
5.079596390961449275e-08
4.942284785412647706e-08
4.805281029449317838e-08
4.669471013592806462e-08
4.535071370669629504e-08
4.402205318090106717e-08
4.271927836064415231e-08
4.145421446362635951e-08
4.020921578373513990e-08
3.897568156258984573e-08
3.775617319636933193e-08
3.656115292533700842e-08
3.538780961307475871e-08
3.422960807510897593e-08
3.309027085404031902e-08
3.197529149360887045e-08
3.087931582981195937e-08
2.981967699878874746e-08
2.879408194262924016e-08
2.779652579281216947e-08
2.681830829298393643e-08
2.585030814897844649e-08
2.490062635221479092e-08
2.397784246074972982e-08
2.307773088817713911e-08
2.221723221820156105e-08
2.139035541763868268e-08
2.059059452745833024e-08
1.980793313864428799e-08
1.903371465740830511e-08
1.828248491950755448e-08
1.755959065744787049e-08
1.685926321508835354e-08
1.618111291178100972e-08
1.552904211251535663e-08
1.490042267672816863e-08
1.428926207591920795e-08
1.369513158543594855e-08
1.312604114033436668e-08
1.257742985123884485e-08
1.205036855650357147e-08
1.154020735611773370e-08
1.104386600121172179e-08
1.056466002802090186e-08
1.010800970286160655e-08
9.669889603061634780e-09
9.247676171232898804e-09
8.839800489025178741e-09
8.452590005914097845e-09
8.080592830446199526e-09
7.714049571496987011e-09
7.363260361405936158e-09
7.031732126541144942e-09
6.712800448687546808e-09
6.404043846688484710e-09
6.109601878983743865e-09
5.832120382073683433e-09
5.566867939935746010e-09
5.309153647721722018e-09
5.060494467146908095e-09
4.822903703417694711e-09
4.592220708724486408e-09
4.368503265547425159e-09
4.162480506831743033e-09
3.966535830035867036e-09
3.783680412791282796e-09
3.608644623882143453e-09
3.434781030103892893e-09
3.265576853955041714e-09
3.100318484048043819e-09
2.943040282065316764e-09
2.800019731479892137e-09
2.665899113847935882e-09
2.542572333552356999e-09
2.424302290628831862e-09
2.304032737939365459e-09
2.184952775657364613e-09
2.067340527473774797e-09
1.958951714656340816e-09
1.860328844350907082e-09
1.771885537457762290e-09
1.688750835563179801e-09
1.607787074606259325e-09
1.524524329399122023e-09
1.441027969452734609e-09
1.358517986507790402e-09
1.283454607114449720e-09
1.217545986460804892e-09
1.159380362412986073e-09
1.102261104720268959e-09
1.045820344132099147e-09
9.885121532793949626e-10
9.299388328221160381e-10
8.716979187388547308e-10
8.195698201154423792e-10
7.757372953255474738e-10
7.362646485691300855e-10
6.959756515941888695e-10
6.558217166503230373e-10
6.160265949363519900e-10
5.744994344353097456e-10
5.326711107139595054e-10
4.972810472039207563e-10
4.673721935644946006e-10
4.395238844345019404e-10
4.106553590966908703e-10
3.819211705697606630e-10
3.543929110477663043e-10
3.247895144229564087e-10
2.954231509666279822e-10
2.725643466737812104e-10
2.525548898781417572e-10
2.333702534162573967e-10
2.137704854074961220e-10
1.948612942664447468e-10
1.776557357358701452e-10
1.582428924799868565e-10
1.406736960995564648e-10
1.281823824789062538e-10
1.175689539973329286e-10
1.069894898492297768e-10
9.673761060080999456e-11
8.799096644817073390e-11
8.072773496507315796e-11
7.121037000140929526e-11
6.450112061207845663e-11
6.079523790621080178e-11
5.858132380567756215e-11
5.572585902389429302e-11
5.284822757068557364e-11
5.132350998076967330e-11
4.995950697699234701e-11
4.633843319527352100e-11
4.503978004664509214e-11
4.425411991524453075e-11
4.383206090669275332e-11
4.223433165053948047e-11
3.980441064088649155e-11
3.813495332552341538e-11
3.533022649132664353e-11
3.093380494685448835e-11
2.845626704981236873e-11
2.551315973636170230e-11
2.293222923322410943e-11
2.027546455695930064e-11
1.724317752765540953e-11
1.563690329231765985e-11
1.358302168836389299e-11
1.158798145196789185e-11
1.137781294735808494e-11
1.124807948239939914e-11
1.143330911525350631e-11
1.169689442946072532e-11
1.150205280643565080e-11
1.190421886628631837e-11
1.101263011872646813e-11
1.014233109567586477e-11
9.281123407946814499e-12
8.319715545056373518e-12
6.982013616956300768e-12
5.868986608200206204e-12
4.829686492710993687e-12
4.579140470128286750e-12
3.965774740803535085e-12
4.100188868023015753e-12
4.399922422519622479e-12
4.828994638566173868e-12
4.787421205251917230e-12
4.496313862854614975e-12
3.934497000499776358e-12
3.365649408978240946e-12
2.397661896399102646e-12
2.009401138524149917e-12
1.846270458992825927e-12
2.086049568830840684e-12
2.305879758424048679e-12
2.442731928655452020e-12
2.431607945427808847e-12
2.132309862811177582e-12
1.494318724058699471e-12
1.184968173659721945e-12
9.961003301702402680e-13
1.140061124377223607e-12
1.365606112558054964e-12
1.429853792768555636e-12
1.350501008436304524e-12
1.018021050554161269e-12
6.403432914897308531e-13
6.121989590317437360e-13
7.406052752942375046e-13
9.220557108421882441e-13
9.114638384358516974e-13
6.470098116581302466e-13
4.520548482261048151e-13
3.799280083618936212e-13
5.299604607550169181e-13
6.467743710630753556e-13
5.449303463482010399e-13
3.124310461226390058e-13
2.517148594370343786e-13
3.655367401640378639e-13
4.836496022766052513e-13
3.324564030710231558e-13
1.800868938787946489e-13
2.092768000636926430e-13
3.450710578462970404e-13
2.892003868677770237e-13
1.396076079941756815e-13
1.441546532726355652e-13
2.715959662702197776e-13
1.988794603292427517e-13
9.038942494350150715e-14
1.432762653198552848e-13
2.133832169192414851e-13
9.680277412659424671e-14
7.794738625395429520e-14
1.678802648476870737e-13
1.070143750958348659e-13
4.224982534898108647e-14
1.434236587426465749e-13
7.801592092994733490e-14
4.205166365789278368e-14
1.180844340849221105e-13
4.753479480043469567e-14
4.832782321544077984e-14
9.926259253428372606e-14
7.765271008273187300e-15
8.855873697658945806e-14
2.716548692773559621e-14
4.661028744100235979e-14
5.211615808026985388e-14
1.893520102888638115e-14
5.808839502291300171e-14
1.043359415518392454e-14
5.145747766945054629e-14
1.052696408266301399e-14
4.187333658782630596e-14
1.201032820060981155e-14
3.357646765264433503e-14
1.263574973390178682e-14
2.726762833780034459e-14
1.232365950946375962e-14
2.254469106721823084e-14
1.145754844428867590e-14
1.892117552798191192e-14
1.035439087307622271e-14
1.605153998691674712e-14
9.199848695364091681e-15
1.371780637094874665e-14
8.087965203579559338e-15
1.178312694861083014e-14
7.061088902804717566e-15
1.015799998205298033e-14
6.134594198470236387e-15
8.780579230221606535e-15
5.310305937432886518e-15
7.605819368000529797e-15
4.583500488875892479e-15
6.599453784320743912e-15
3.946529840269883402e-15
5.734533087051761697e-15
3.390699876745994990e-15
4.989336319844820614e-15
2.907238939956176486e-15
4.346042081330602784e-15
2.487784580255588893e-15
3.789838362676601469e-15
2.124611113589573323e-15
3.308297620476439812e-15
1.810716470523589673e-15
2.890919865914696912e-15
1.539832893769744684e-15
2.528787081894180414e-15
1.306397379202719352e-15
2.214294548767967593e-15
1.105502116104954049e-15
1.940937327637765513e-15
9.328364381760212933e-16
1.703137615611019449e-15
7.846268024295542040e-16
1.496103242118413191e-15
6.575784116069462655e-16
1.315710449896792098e-15
5.488203922589208930e-16
1.158405980058171941e-15
4.558554326876925017e-16
1.021124742943310492e-15
3.765141936647259236e-16
9.012202323715105690e-16
3.089144609484202113e-16
7.964054658100771081e-16
2.514248169245927482e-16
7.047026905110933184e-16
2.026325092691044144e-16
6.244004381019216468e-16
1.613151506491197296e-16
5.540167727235091109e-16
1.264158738366312695e-16
4.922677817497322557e-16
9.702157641065022565e-17
4.380405202262338390e-16
7.234391025636360448e-17
3.903697497527598659e-16
5.170269754517942180e-17
3.484179178687403884e-16
3.451148376774223662e-17
3.114579106207180314e-16
2.026496701950951660e-17
2.788581822294521566e-16
8.528070863973261693e-18
2.500699251983197820e-16
-1.073545909661347600e-18
2.246159941572335871e-16
-8.861725657020711176e-18
2.020813383068553923e-16
-1.511295495500846923e-17
1.821047330333960188e-16
-2.006455615152940106e-17
1.643716309321322688e-16
-2.392005101340718448e-17
1.486079782475647342e-16
-2.685380497605175470e-17
1.345748641036548956e-16
-2.901504657233596089e-17
1.220638888519197644e-16
-3.053134456533444710e-17
1.108931533664293271e-16
-3.151161469195096122e-17
1.009037849592863282e-16
-3.204871854630739448e-17
9.195692706011237980e-17
-3.222170907963304508e-17
8.393112999794570389e-17
-3.209776990625215324e-17
7.672008863307567861e-17
-3.173388955577333963e-17
7.023068019287922537e-17
-3.117830625215384794e-17
6.438126187957210716e-17
-3.047175416271533371e-17
5.910019337853535025e-17
-2.964853794231452834e-17
5.432455417004154956e-17
-2.873745874196203230e-17
4.999902954981915820e-17
-2.776261192944723965e-17
4.607494283894477429e-17
-2.674407384185214212e-17
4.250941427915036186e-17
-2.569849277439892788e-17
3.926462978677572352e-17
-2.463959720910450892e-17
3.630720494791872158e-17
-2.357863263709653941e-17
3.360763160814298074e-17
-2.252473673920168539e-17
3.113979615668221577e-17
-2.148526141647268054e-17
2.888055999696538587e-17
-2.046604894380569786e-17
2.680939403024991438e-17
-1.947166864164645758e-17
2.490806001630495244e-17
-1.850561947337862542e-17
2.316033267209094812e-17
-1.757050332631538945e-17
2.155175715210216681e-17
-1.666817304438229879e-17
2.006943730182285476e-17
-1.579985875060187304e-17
1.870185063775277804e-17
-1.496627548043989406e-17
1.743868660849091317e-17
-1.416771477018882473e-17
1.627070509225690681e-17
-1.340412245292606746e-17
1.518961251623089528e-17
-1.267516462954010627e-17
1.418795332513761804e-17
-1.198028347529408331e-17
1.325901481051207503e-17
-1.131874435933052093e-17
1.239674360336733101e-17
-1.068967551491526877e-17
1.159567233747861842e-17
-1.009210132921852162e-17
1.085085516480276384e-17
-9.524970197548539082e-18
1.015781101991009352e-17
-8.987177726604510918e-18
9.512473660637604914e-18
-8.477585971390917110e-18
8.911147601373157093e-18
-7.995039304592964027e-18
8.350469231593564318e-18
-7.538377417125327907e-18
7.827372457337019414e-18
-7.106445884022964005e-18
7.339058304698213549e-18
-6.698104669059607255e-18
6.882968002264632179e-18
-6.312234892556651733e-18
6.456759110575732578e-18
-5.947744126558117936e-18
6.058284331308767045e-18
-5.603570457082197842e-18
5.685572666098760768e-18
-5.278685510474025587e-18
5.336812649543846468e-18
-4.972096617333802172e-18
5.010337405570602899e-18
-4.682848255346514198e-18
4.704611304414525810e-18
-4.410022893482429990e-18
4.418218049421509967e-18
-4.152741352096075242e-18
4.149850010477441304e-18
-3.910162753899282722e-18
