# bin_2
0.000000000000000000e+00
2.345613228800218567e-02
1.081062384605043815e-02
1.161722743970689947e-01
2.229422148817760962e-01
7.879313902457473207e-01
1.188119258321814753e+00
3.797637579492262550e+00
4.406460753463509405e+00
3.500536659309438470e+00
2.188595060676850945e+00
1.963719926957873785e+00
7.330759386709813086e-01
4.551674041795225056e-01
2.758947163022531512e-01
8.405795150099575064e-02
7.594963901776947968e-02
9.178089567721868167e-03
1.578745675247858471e-02
2.002765281566802960e-02
1.073825894468394791e-02
4.393753981815760228e-04
1.270996167423649181e-02
4.131792812075791438e-02
1.059728472338589481e-02
-1.696921406380223849e-03
3.248344279345396872e-03
8.177764019963000292e-05
3.762588566032041421e-03
1.123781048298498359e-03
-8.325591088831296943e-04
6.134771409581391173e-03
1.056722359582847916e-02
1.663385305759582881e-03
-4.064022439347709180e-04
4.879903230363951137e-05
2.112061147202118697e-04
-8.936234911844945185e-04
7.370785070567614609e-03
1.737752605181035670e-03
-4.464002335668209491e-04
1.195883672933111566e-04
-3.195323560641358745e-05
8.224575132343304990e-06
-9.450649229596377000e-07
-4.444315440504806283e-06
1.872232668497886442e-05
-7.044499129941010336e-05
2.630576385126616066e-04
-9.817855627512446851e-04
8.027161672270185372e-03
1.891306100347445130e-03
-4.858456538950212946e-04
1.301819505561624206e-04
-3.488214832962734438e-05
9.346642762347002627e-06
-2.504422719760642831e-06
6.710481166955842622e-07
-1.797697470216966793e-07
4.803087139120122403e-08
-1.235373854310831943e-08
1.384082781231978835e-09
6.817407418180308965e-09
-2.865371245395322338e-08
1.077974423976334208e-07
-4.025360571365774391e-07
1.502346786148687837e-06
-5.606851087458130232e-06
2.092505756368384114e-05
-7.809337916727788315e-05
2.914484591054251504e-04
-1.087700457254431839e-03
8.892309263126899760e-03
2.092501336003966921e-03
-5.288848401459614540e-04
1.095549755223250714e-04
9.066493805666219841e-05
-4.722147277489699077e-04
3.942729826744033328e-03
9.303563505690858266e-04
-2.390015786774003477e-04
6.404027999637274340e-05
-1.715954130809104600e-05
4.597885235991504124e-06
-1.231999635874898710e-06
3.301133075081177683e-07
-8.845359415756700323e-08
2.370106912215030081e-08
-6.350682331034416728e-09
1.701660201987262086e-09
-4.559584769146700267e-10
1.221737056714104473e-10
-3.273634577097204677e-11
8.771677412477990211e-12
-2.350363878939784425e-12
6.297781032811989869e-13
-1.687485341850021568e-13
4.521603345880662995e-14
-1.211559965022592025e-14
3.246365142096815973e-15
-8.698609181613919587e-16
2.330785305487408174e-16
-6.245320403356734211e-17
1.673428558553056939e-17
-4.483938308554678155e-18
1.201467648688205821e-18
-3.219322861981289994e-19
8.626149610430430220e-20
-2.311369821909117058e-20
6.193296772059923443e-21
-1.659488869148624571e-21
4.446587045345534005e-22
-1.191459489895815548e-22
3.192509142377648026e-23
-8.554416705523874027e-24
2.292575398319138539e-24
-6.158848877526503763e-25
1.709641526914516927e-25
-6.797172301316051577e-26
1.009227393611926892e-25
