# bin_4
8.400389797782115836e-03
1.047219589922373378e-02
6.779888302889858567e-03
1.530341039355386998e-02
2.754369898640241301e-02
2.587269146215952914e-02
4.053084362593201845e-02
5.034419128348113781e-02
2.966743189721763804e-02
4.648549113635608993e-02
1.169789627629128220e-01
2.308367720665575051e-01
4.698492414260170280e-01
1.706856527608806351e+00
3.594587455369790074e+00
3.610161208643186903e+00
2.611125255225466457e+00
2.680053087516120147e+00
1.920159961412724048e+00
8.868065280851226140e-01
7.480394538605087407e-01
2.910396476550375922e-01
1.850669343714408388e-01
1.913513965252514881e-01
1.675168861476293847e-01
1.598271554559058394e-01
4.208094491254320280e-02
3.813386755611233164e-02
3.598481180697378490e-02
1.428292940443673907e-02
1.808452457058855713e-03
8.048787527878962719e-03
-1.494084295242803636e-03
7.167130779300642102e-04
-8.602831594682899081e-04
3.157371388164815790e-03
6.643768294172955509e-03
4.027716666128279034e-03
3.624555067932441581e-03
1.218937080456261243e-03
3.604596662576673924e-03
-6.497285982562834043e-04
1.605046058360568657e-04
2.480592290990043039e-03
2.899361754218435141e-03
-3.999787357794820988e-05
1.209123681858633023e-03
-7.050194082904312834e-04
2.168726131281845798e-03
3.710261651200651416e-03
-6.677315645461140339e-04
1.789041865577968191e-04
-4.788518168508133354e-05
1.263654018252853534e-05
-2.660979045032228888e-06
-1.992624002399471984e-06
1.063147505463013842e-05
-4.053327621612099998e-05
1.515016298098544544e-04
-5.654732430232953201e-04
2.397088128587197223e-03
4.225110007407448590e-03
-7.618718404730861040e-04
2.041429443907788607e-04
-5.469993709002015687e-05
1.465680396930429098e-05
-3.927278787196309090e-06
1.052311179481130880e-06
-2.819659307282144304e-07
7.555254343171406995e-08
-2.024424299864533676e-08
5.424428562866358924e-09
-1.453471252820358669e-09
3.894564484150715119e-10
-1.043545408399104090e-10
2.796171494457492549e-11
-7.492318938388013445e-12
2.007560808977476852e-12
-5.379242975218924485e-13
1.441363811100683548e-13
-3.862122691838779905e-14
1.034852656348101281e-14
-2.772879335536761398e-15
7.429907786660395887e-16
-1.990837791273273148e-16
5.334433784330584095e-17
-1.429357224588643785e-17
3.829951140241183859e-18
-1.026232315078304717e-18
2.749781200719408297e-19
-7.368016520950824302e-20
1.974254076607896780e-20
-5.289997854809387096e-21
1.417450653158576068e-21
-3.798047578247909265e-22
1.017683781406557582e-22
-2.726875473781375703e-23
7.306640810599215532e-24
-1.957808504584432298e-24
5.245932077381588070e-25
-1.405643263682986228e-25
3.766409773501027444e-26
-1.009206457174242474e-26
2.704160551961249032e-27
-7.245776361020831542e-28
1.941499924472151274e-28
-5.202233368674224453e-29
1.393934229975369935e-29
-3.735035512275113053e-30
1.000799749346077610e-30
-2.681634851093788547e-31
7.185419109138903721e-32
-1.925327925617715453e-32
5.158925933323114269e-33
-1.382424477114361902e-33
3.707719751345853925e-34
-1.006634234239123782e-34
3.188171856106385303e-35
-2.686345082034821374e-35
0.000000000000000000e+00
