# bin_5
0.000000000000000000e+00
-8.679370694038290868e-05
4.300706997653038800e-03
1.438535001401638515e-02
8.368581645702049057e-03
1.414105669508425832e-02
2.681968673990735991e-02
3.186791191068701068e-02
3.629070179528763596e-02
3.342497920474984258e-02
2.960326999971807024e-02
6.822884006388112155e-02
1.146751650254108634e-01
3.179585862675383678e-01
6.210139729723158641e-01
1.082435245343683183e+00
1.152787661624717908e+00
1.664605807200821852e+00
2.382549897583064347e+00
1.870663311020786423e+00
2.001177245996109466e+00
2.172514569902578074e+00
1.180209510262042016e+00
1.126125448679435870e+00
9.265839805767369652e-01
1.055086239793966429e+00
6.091883557930866111e-01
4.072912916236321457e-01
4.003290687409656323e-01
1.861879403077802420e-01
8.764208268423683001e-02
4.087320719848509115e-02
8.562039846044335739e-03
2.283769472719459140e-02
2.596955108940475140e-02
7.963867606054827325e-03
1.695686394631537933e-02
2.001180866621853072e-02
7.027736599936152762e-04
2.499576529099419367e-02
4.589661032909740125e-03
3.149984991538044843e-02
2.200508725612688316e-02
3.342145227964727749e-03
7.727076960313038548e-03
9.197956791687209033e-03
1.774701034940324995e-02
2.870751239330145838e-02
4.139868518137614951e-03
1.145433879965483334e-02
1.865516741663562211e-02
2.223127582030674180e-03
1.012825651156508237e-02
3.629030324977289539e-03
1.184999217991165865e-02
9.594301507091194947e-03
5.499962112703182674e-04
-9.238805013760843104e-05
6.247452329893642207e-05
-1.086165502170008314e-04
1.202788680660233679e-03
-1.524641458477975393e-04
5.343459334937579464e-03
5.042153155468459460e-04
-1.305138304770026123e-04
3.614869921443076021e-05
-9.690654440271225174e-06
2.617076781358189748e-06
-7.776526851615362546e-07
4.935339592879476469e-07
-1.196483151990249569e-06
1.312827410156094939e-05
-3.770101042906489881e-06
1.787505481244185151e-05
-6.771866381952113901e-05
1.004542293696136616e-03
9.365740245667516497e-05
-2.483437253362139266e-05
6.654350064917519105e-06
-1.783027726048636534e-06
4.777608392770330680e-07
-1.280156310594962670e-07
3.430168496095256253e-08
-9.191108784314072453e-09
2.462750176303529581e-09
-6.598919209001430660e-10
1.768175072970146619e-10
-4.737810828791921354e-11
1.269492585466229400e-11
-3.401595130729708425e-12
9.114546682566748019e-13
-2.442235422969515031e-13
6.543950093113618364e-14
-1.753446142759376784e-14
4.698344779238366300e-15
-1.258917689359917251e-15
3.373259782012442793e-16
-9.038622344506098778e-17
2.421891557900333880e-17
-6.489438870951428332e-18
1.738839904802587537e-18
-4.659207482588637483e-19
1.248430882328656270e-19
-3.345160467260406182e-20
8.963330457549363945e-21
-2.401717157593662915e-21
6.435381728252009155e-22
-1.724355337071415465e-22
4.620396200337289364e-23
-1.238031430634807966e-23
3.317295222019850377e-24
-8.888665817312088940e-25
2.381711049049810202e-25
-6.381783788872625289e-26
1.710024664992139127e-26
-4.583148710959974407e-27
1.232348193918323407e-27
-3.462440647133195359e-28
1.526280649349654310e-28
-2.642681950265446542e-28
