# bin_1
0.000000000000000000e+00
1.540111777368044499e-01
3.683116729610896312e-01
3.215575616978127993e+00
2.411921522679978391e+00
5.541228592030129185e+00
3.263985171705972466e+00
2.219663173113518795e+00
9.555575513530832898e-01
6.188266858879692967e-01
2.691166182025157561e-01
3.966502832261212252e-01
8.173812677513704605e-02
1.684603359075920181e-01
8.904884949695583696e-02
4.685560998403002358e-02
8.104401289768385641e-02
3.699073578581324462e-02
3.978671711294829165e-04
8.824059001998462576e-03
5.159843089324720909e-04
6.641798211883369872e-05
-7.792794602949511523e-04
1.789224689305848534e-02
1.156018768737723194e-03
-7.458182545625337929e-04
1.028283649850990009e-02
5.807658047619501272e-04
-2.096548758012219994e-04
2.605433092640891258e-04
-8.325183612551306008e-04
1.753773064514192390e-02
8.174919860269942631e-04
6.759778131028148541e-03
1.471300197952204840e-02
9.395218669549821070e-04
-1.147064479403120656e-03
2.093176870240265677e-02
1.182817534315946592e-03
-3.167252483419129121e-04
8.958284375907357982e-05
-4.160612669438355527e-05
7.684166301845397342e-05
-2.657605253794325891e-04
5.710109524804113899e-03
3.248942938335500443e-04
-8.036322261891195510e-05
-1.937949396939113626e-06
8.811502020666859257e-05
-3.505221314297372404e-04
7.160438914443839099e-03
5.003053223176321941e-05
7.560018719950991999e-03
4.678726546116891640e-04
-1.248250383389203750e-04
3.344676821809765380e-05
-8.962034533470192787e-06
2.401369915783171558e-06
-6.434451296624967284e-07
1.724106028668045028e-07
-4.619728180472330768e-08
1.237852435208856582e-08
-3.316815603631123510e-09
8.887380624359099184e-10
-2.381366461125015850e-10
6.380852201410102258e-11
-1.709744194390182037e-11
4.581245761506503648e-12
-1.227541102124176252e-12
3.289186469901819240e-13
-8.813348583655700970e-14
2.361529635604514607e-14
-6.327699587623946149e-15
1.695501994450592375e-15
-4.543083901783915994e-16
1.217315662629837108e-16
-3.261787487354206652e-17
8.739933231185020631e-18
-2.341858051197964385e-18
6.274989736068156279e-19
-1.681378432293048914e-19
4.505239931039604133e-20
-1.207175401230508289e-20
3.234616738824333503e-21
-8.667129429921627206e-22
2.322350331443543842e-22
-6.222718958524436626e-23
1.667372519662461480e-23
-4.467711201254049589e-24
1.197119608391490068e-24
-3.207672323119658324e-25
8.594932085635705228e-26
-2.303005111346431958e-26
6.170883597500276249e-27
-1.653483276536638339e-27
4.430495086463649069e-28
-1.187147580487993835e-28
3.180952354883146698e-29
-8.523336146528280830e-30
2.283821037281226146e-30
-6.119480025967206194e-31
1.639709731056296631e-31
-4.393588982579825728e-32
1.177258619756558020e-32
-3.154454964463444968e-33
8.452336602883363484e-34
-2.264796766898644186e-34
6.068504647112213842e-35
-1.626050919462712593e-35
4.356990307385510009e-36
-1.167452034915082824e-36
3.128178322747773115e-37
-8.381929418402695453e-38
2.245934446133452099e-38
-6.018083661310048843e-39
1.612990183905904399e-39
-4.338770743135055391e-40
1.225181133481165340e-40
-5.619537907896484840e-41
1.022634029677440423e-40
