# bin_3
1.569626032565126644e-02
1.419659681195080576e-02
3.352408489049003154e-02
1.336381760282168152e-01
2.810038460675419181e-01
4.079124681004290265e-01
7.243490706199946505e-01
1.081142430644123520e+00
8.776375023251471452e-01
1.039507953058054435e+00
2.172943893989161879e+00
3.228938066493596271e+00
2.660247803162905100e+00
3.184513988708391974e+00
2.249021358758172440e+00
7.810307999959107406e-01
3.142627849669253348e-01
1.936413081664025149e-01
1.378302499727986352e-01
4.353723499046215084e-02
8.152602590578872377e-02
7.761827127030822282e-02
2.882458184734318363e-02
8.051370178643550701e-02
5.044056970841401949e-02
1.847265053832254644e-02
1.376095180032927898e-02
1.981815486074115298e-02
5.063581980078890599e-03
3.971756146665153878e-03
-3.402792114571479335e-04
8.522673311277633151e-04
-1.570969719905662557e-04
4.137613700350958244e-05
-8.407576023470398618e-06
-7.745832909627518715e-06
3.939090766198060392e-05
-1.498177977382946717e-04
6.142236124157813941e-04
1.361845167134686499e-03
-1.266682822161918501e-04
-3.144986859137424945e-04
1.562987438521926294e-03
6.275705295757689518e-03
4.631800771294361865e-03
1.971285190233108484e-03
3.721713075533401340e-03
4.682674184971863732e-03
-6.141582955844722197e-04
-2.995774294887183884e-04
2.001101768177902720e-03
5.030542100711593405e-03
-1.522227154041504290e-03
3.207622385606458473e-03
7.089131340572625908e-03
-1.804082063821327818e-03
3.087792188250235940e-03
6.294208630373030605e-03
-1.021743163366451313e-03
2.745938487217567791e-04
-7.663223152058725514e-05
3.193507736058931413e-05
-5.110807792177071289e-05
1.724972343264940253e-04
-6.388808593842046227e-04
2.616540963124440108e-03
5.938173623598876245e-03
-8.666544199499441907e-04
-1.482678769607306184e-04
1.604178117800279454e-03
3.484064136207380702e-03
3.184943473486384624e-04
2.285269682485548907e-03
-3.909697238302860907e-04
1.047600217653432101e-04
-2.807036323109082896e-05
7.521431159018984286e-06
-2.015361404985423704e-06
5.400144609227017440e-07
-1.446964387053646104e-07
3.877129389876224955e-08
-1.038873688968295847e-08
2.783653659969966071e-09
-7.458777501969050915e-10
1.998573408175955646e-10
-5.355161307350857398e-11
1.434911147643027371e-11
-3.844832832213651787e-12
1.030219852424332626e-12
-2.760465774835996534e-13
7.396645751010885150e-14
-1.981925255682419734e-14
5.310552717189514786e-15
-1.422958311933861410e-15
3.812805305458167635e-16
-1.021638102494658813e-16
2.737471045203077804e-17
-7.335031558657170766e-18
1.965415782599067131e-18
-5.266315717387820019e-19
1.411105043561454010e-19
-3.781044568577749600e-20
1.013127838696451077e-20
-2.714667862082134830e-21
7.273930613636018028e-22
-1.949043833723879793e-22
5.222447212591935747e-23
-1.399350513128948000e-23
3.749548399240745283e-24
-1.004688465672905669e-24
2.692054634510365441e-25
-7.213338813119872224e-26
1.932808907375817553e-26
-5.178968163837018324e-27
1.387783581589078785e-27
-3.721661625195214260e-28
1.008810684889477172e-28
-3.135811143626911213e-29
2.455137725613315942e-29
0.000000000000000000e+00
